98.3196381211074    0.021150203602481595
106.2598200472399    0.022070217126545003
114.20170036764314    0.023341118460535038
122.14537343755437    0.025037053860895657
130.0889521522283    0.026836216339388128
138.03201191309734    0.028647062383472918
145.97568498300856    0.030728520788930916
153.92119798004643    0.03344348056896827
161.86685250994017    0.036439007099343786
169.81066711270728    0.03913031516713188
177.75396276166944    0.04184859731935604
185.69645639111488    0.04447323426908741
193.63819517866222    0.04698167766206516
201.5788960585997    0.049226598242687734
209.51865338616452    0.051196011468471476
217.45751433897536    0.0528687665332066
225.39552609465082    0.05423138884757222
233.33363220556353    0.05567058378363115
241.27187984933212    0.05721186097349901
249.21041055881258    0.05892734502077126
257.15021506399603    0.061307686341024945
265.09341635772097    0.06551775182946128
273.03708942763217    0.07027818671896742
280.9802435437385    0.07507629934512054
288.921699265574    0.07913382592995084
296.8632021650282    0.08344171457878667
304.8037615121098    0.08733116900348048
312.7437075501491    0.09096044500784045
320.6833233448581    0.09449386838230857
328.62293913956694    0.09816455010838403
336.56246057903866    0.10190188844084247
344.5024537946966    0.10617622621371339
352.44291878654093    0.11104265553906895
360.38385555457154    0.11656546329464028
368.324933855458    0.12249974915354256
376.2661065115818    0.12883207592873322
384.2075622334173    0.135794853497946
387.6235992432769    8.959165657520478
392.1489707776343    0.14308063761611392
395.55066579142994    8.429330687053737
400.0893885918599    0.1495828042196085
403.47660007673574    7.860254614076062
408.0287684984757    0.1551043479169767
411.40244000680434    7.3241399868598185
415.9681012274728    0.16076981931639361
419.32827993687283    6.824591464385336
423.90752831170727    0.16676640830559142
427.2540726893228    6.356747058483503
431.84733281689074    0.17350285591544354
435.17986544177273    5.920974665870065
439.78713732207416    0.18051141903621498
443.10589408231584    5.525355497951208
447.7274607810626    0.1885740740571909
451.03192272285895    5.156170242497302
455.6676898848137    0.19685016688303422
458.95814007387656    4.818826291207278
463.6076359228531    0.2050307923719059
466.8843102472756    4.501876160707237
471.54979930896803    0.2173224776465461
474.8104332430559    4.204206767169881
479.4922929384135    0.23095238740159718
482.73655623883633    3.9262196271388015
487.4348809230963    0.24562002119683748
490.6615469717695    3.6339848309690064
495.37694995397396    0.2601511930449241
498.58606592851635    3.3509976980112675
503.31873591914    0.274926990877963
506.5105848852633    3.0900474532477715
511.2607105947805    0.29097517352542024
514.4351038420101    2.8494180312298543
519.2034872899376    0.30991617603646465
522.3596699763757    2.6285057879318745
527.146499873188    0.330705413524347
530.2840474002667    2.4211110325536644
535.0901257654806    0.3546019462949053
538.208377646539    2.2292497451398248
543.0355915848999    0.3857884130698772
546.1321889390065    2.0442005155721614
550.2596958895726    0.4196609421104387
553.3345548454056    1.8730182644750433
556.4034170017145    0.4624322295121316
559.4548005055652    1.7147671474230701
561.8247049932011    0.5052018209923669
565.2142795712957    1.5687171864071228
567.2464378022346    0.5538686603506067
570.6129652711704    1.4337344677095691
573.0296590045413    0.6111488954384868
574.8246460795881    1.2904599512043748
577.7213473704471    1.1777562627563527
578.812036906915    0.6698784198242859
582.0136390032328    1.0639306357214815
581.451834441251    0.7366915000116494
582.8068228259624    0.8315905149808924
584.7801076011366    0.9387230664332887
584.9936200237426    0.9953062414029511
