0	0
0	0.00333333
0	0.00666666
0	0.00999999
0	0.0133333
0	0.0166667
0	0.02
0	0.0233333
0	0.0266666
0	0.03
0	0.0333333
0	0.0366666
0	0.04
0	0.0433333
0	0.0466666
0	0.05
0	0.0533333
0	0.0566666
0	0.0599999
0	0.0633333
0	0.0666666
0	0.0699999
0	0.0733333
0	0.0766666
0	0.0799999
0	0.0833333
0	0.0866666
0	0.0899999
0	0.0933332
0	0.0966666
0	0.0999999
306	0.103333
316	0.106667
326	0.11
336	0.113333
346	0.116667
356	0.12
366	0.123333
374	0.126667
380	0.13
386	0.133333
392	0.136667
397	0.14
403	0.143333
409	0.146667
415	0.15
421	0.153333
427	0.156667
432	0.16
438	0.163333
444	0.166666
450	0.17
456	0.173333
460	0.176666
464	0.18
468	0.183333
472	0.186666
476	0.19
481	0.193333
485	0.196666
489	0.2
493	0.203333
497	0.206666
501	0.21
505	0.213333
509	0.216666
513	0.22
517	0.223333
521	0.226666
525	0.23
530	0.233333
534	0.236666
538	0.24
542	0.243333
546	0.246666
550	0.25
554	0.253333
558	0.256666
562	0.26
566	0.263333
570	0.266666
574	0.27
579	0.273333
583	0.276666
587	0.28
591	0.283333
595	0.286666
599	0.29
603	0.293333
607	0.296666
611	0.3
615	0.303333
619	0.306666
623	0.31
628	0.313333
632	0.316666
636	0.32
640	0.323333
644	0.326666
648	0.33
652	0.333333
654	0.336666
654	0.34
655	0.343333
656	0.346666
656	0.35
657	0.353333
657	0.356666
657	0.36
658	0.363333
658	0.366666
658	0.37
659	0.373333
659	0.376666
659	0.38
660	0.383333
660	0.386666
660	0.39
661	0.393333
661	0.396666
661	0.4
662	0.403333
662	0.406666
662	0.41
663	0.413333
663	0.416666
663	0.42
664	0.423333
664	0.426666
664	0.43
665	0.433333
665	0.436666
665	0.44
666	0.443333
666	0.446666
666	0.45
667	0.453333
667	0.456666
667	0.46
668	0.463333
668	0.466666
668	0.47
669	0.473333
669	0.476666
669	0.48
670	0.483333
670	0.486666
670	0.49
670	0.493333
671	0.496666
671	0.499999
671	0.503333
672	0.506666
672	0.509999
672	0.513333
673	0.516666
673	0.519999
673	0.523333
674	0.526666
674	0.529999
674	0.533333
675	0.536666
675	0.539999
675	0.543333
676	0.546666
676	0.549999
676	0.553333
677	0.556666
677	0.559999
677	0.563333
678	0.566666
678	0.569999
678	0.573333
679	0.576666
679	0.579999
679	0.583333
680	0.586666
680	0.589999
680	0.593333
681	0.596666
681	0.599999
681	0.603333
682	0.606666
682	0.609999
682	0.613333
683	0.616666
683	0.619999
683	0.623333
684	0.626666
684	0.629999
684	0.633333
684	0.636666
685	0.639999
685	0.643333
685	0.646666
686	0.649999
686	0.653333
686	0.656666
687	0.659999
687	0.663333
687	0.666666
685	0.669999
682	0.673333
679	0.676666
677	0.679999
674	0.683333
671	0.686666
668	0.689999
666	0.693333
663	0.696666
660	0.699999
658	0.703333
655	0.706666
652	0.709999
650	0.713333
647	0.716666
644	0.719999
642	0.723333
639	0.726666
636	0.729999
634	0.733333
631	0.736666
628	0.739999
626	0.743333
623	0.746666
620	0.749999
618	0.753333
615	0.756666
612	0.759999
610	0.763333
607	0.766666
604	0.769999
602	0.773333
599	0.776666
596	0.779999
594	0.783333
591	0.786666
588	0.789999
586	0.793333
583	0.796666
580	0.799999
578	0.803333
575	0.806666
572	0.809999
570	0.813333
567	0.816666
564	0.819999
562	0.823333
559	0.826666
555	0.829999
551	0.833333
547	0.836666
542	0.839999
538	0.843332
534	0.846666
530	0.849999
526	0.853332
521	0.856666
517	0.859999
513	0.863332
509	0.866666
504	0.869999
500	0.873332
496	0.876666
492	0.879999
488	0.883332
483	0.886666
479	0.889999
475	0.893332
471	0.896666
466	0.899999
462	0.903332
458	0.906666
454	0.909999
450	0.913332
445	0.916666
441	0.919999
437	0.923332
433	0.926666
429	0.929999
424	0.933332
420	0.936666
416	0.939999
412	0.943332
407	0.946666
403	0.949999
396	0.953332
389	0.956666
382	0.959999
375	0.963332
368	0.966666
361	0.969999
354	0.973332
347	0.976666
340	0.979999
333	0.983332
326	0.986666
319	0.989999
312	0.993332
305	0.996666
0	0.999999
0	1.00333
0	1.00667
0	1.01
0	1.01333
0	1.01667
0	1.02
0	1.02333
0	1.02667
0	1.03
0	1.03333
0	1.03667
0	1.04
0	1.04333
0	1.04667
0	1.05
0	1.05333
0	1.05667
0	1.06
0	1.06333
0	1.06667
0	1.07
0	1.07333
0	1.07667
0	1.08
0	1.08333
0	1.08667
0	1.09
0	1.09333
0	1.09667
0	1.1
0	1.10333
0	1.10667
0	1.11
0	1.11333
0	1.11667
0	1.12
0	1.12333
0	1.12667
0	1.13
0	1.13333
0	1.13667
0	1.14
0	1.14333
0	1.14667
0	1.15
0	1.15333
0	1.15667
0	1.16
0	1.16333
