0	0
0	0.00333333
0	0.00666666
0	0.00999999
0	0.0133333
0	0.0166667
0	0.02
0	0.0233333
0	0.0266666
0	0.03
0	0.0333333
0	0.0366666
0	0.04
0	0.0433333
0	0.0466666
0	0.05
0	0.0533333
0	0.0566666
0	0.0599999
0	0.0633333
0	0.0666666
0	0.0699999
0	0.0733333
0	0.0766666
0	0.0799999
0	0.0833333
0	0.0866666
0	0.0899999
0	0.0933332
0	0.0966666
0	0.0999999
306	0.103333
316	0.106667
326	0.11
336	0.113333
345	0.116667
351	0.12
357	0.123333
363	0.126667
369	0.13
375	0.133333
381	0.136667
386	0.14
392	0.143333
398	0.146667
403	0.15
406	0.153333
410	0.156667
414	0.16
418	0.163333
421	0.166666
425	0.17
429	0.173333
433	0.176666
436	0.18
440	0.183333
444	0.186666
447	0.19
451	0.193333
455	0.196666
459	0.2
462	0.203333
466	0.206666
470	0.21
474	0.213333
477	0.216666
481	0.22
485	0.223333
488	0.226666
489	0.23
491	0.233333
492	0.236666
494	0.24
495	0.243333
497	0.246666
498	0.25
500	0.253333
501	0.256666
503	0.26
504	0.263333
506	0.266666
507	0.27
509	0.273333
510	0.276666
512	0.28
513	0.283333
515	0.286666
516	0.29
518	0.293333
519	0.296666
521	0.3
522	0.303333
524	0.306666
525	0.31
527	0.313333
528	0.316666
530	0.32
531	0.323333
533	0.326666
534	0.33
536	0.333333
536	0.336666
537	0.34
537	0.343333
538	0.346666
538	0.35
539	0.353333
539	0.356666
539	0.36
540	0.363333
540	0.366666
541	0.37
541	0.373333
542	0.376666
542	0.38
542	0.383333
543	0.386666
543	0.39
544	0.393333
544	0.396666
545	0.4
545	0.403333
545	0.406666
546	0.41
546	0.413333
547	0.416666
547	0.42
548	0.423333
548	0.426666
548	0.43
549	0.433333
549	0.436666
550	0.44
550	0.443333
551	0.446666
551	0.45
551	0.453333
552	0.456666
552	0.46
553	0.463333
553	0.466666
554	0.47
554	0.473333
554	0.476666
555	0.48
555	0.483333
556	0.486666
556	0.49
557	0.493333
557	0.496666
557	0.499999
558	0.503333
558	0.506666
559	0.509999
559	0.513333
560	0.516666
560	0.519999
560	0.523333
561	0.526666
561	0.529999
563	0.533333
564	0.536666
566	0.539999
568	0.543333
570	0.546666
572	0.549999
573	0.553333
575	0.556666
577	0.559999
579	0.563333
580	0.566666
582	0.569999
584	0.573333
586	0.576666
588	0.579999
589	0.583333
591	0.586666
593	0.589999
595	0.593333
597	0.596666
598	0.599999
600	0.603333
602	0.606666
604	0.609999
606	0.613333
607	0.616666
609	0.619999
611	0.623333
613	0.626666
614	0.629999
616	0.633333
618	0.636666
620	0.639999
622	0.643333
623	0.646666
625	0.649999
627	0.653333
629	0.656666
631	0.659999
632	0.663333
634	0.666666
633	0.669999
632	0.673333
631	0.676666
629	0.679999
628	0.683333
627	0.686666
626	0.689999
623	0.693333
621	0.696666
618	0.699999
616	0.703333
613	0.706666
611	0.709999
608	0.713333
606	0.716666
603	0.719999
601	0.723333
598	0.726666
596	0.729999
593	0.733333
591	0.736666
588	0.739999
586	0.743333
583	0.746666
581	0.749999
578	0.753333
576	0.756666
573	0.759999
571	0.763333
568	0.766666
566	0.769999
563	0.773333
561	0.776666
558	0.779999
556	0.783333
553	0.786666
551	0.789999
548	0.793333
546	0.796666
543	0.799999
541	0.803333
538	0.806666
536	0.809999
533	0.813333
531	0.816666
528	0.819999
526	0.823333
523	0.826666
521	0.829999
518	0.833333
515	0.836666
513	0.839999
510	0.843332
508	0.846666
505	0.849999
503	0.853332
500	0.856666
498	0.859999
495	0.863332
493	0.866666
490	0.869999
488	0.873332
485	0.876666
481	0.879999
477	0.883332
473	0.886666
469	0.889999
465	0.893332
461	0.896666
457	0.899999
453	0.903332
449	0.906666
445	0.909999
441	0.913332
437	0.916666
433	0.919999
429	0.923332
425	0.926666
421	0.929999
417	0.933332
413	0.936666
409	0.939999
405	0.943332
401	0.946666
397	0.949999
393	0.953332
389	0.956666
382	0.959999
375	0.963332
368	0.966666
361	0.969999
354	0.973332
347	0.976666
340	0.979999
333	0.983332
326	0.986666
319	0.989999
312	0.993332
305	0.996666
0	0.999999
0	1.00333
0	1.00667
0	1.01
0	1.01333
0	1.01667
0	1.02
0	1.02333
0	1.02667
0	1.03
0	1.03333
0	1.03667
0	1.04
0	1.04333
0	1.04667
0	1.05
0	1.05333
0	1.05667
0	1.06
0	1.06333
0	1.06667
0	1.07
0	1.07333
0	1.07667
0	1.08
0	1.08333
0	1.08667
0	1.09
0	1.09333
0	1.09667
0	1.1
0	1.10333
0	1.10667
0	1.11
0	1.11333
0	1.11667
0	1.12
0	1.12333
0	1.12667
0	1.13
0	1.13333
0	1.13667
0	1.14
0	1.14333
0	1.14667
0	1.15
0	1.15333
0	1.15667
0	1.16
0	1.16333
