0	0
0	0.00333333
0	0.00666666
0	0.00999999
0	0.0133333
0	0.0166667
0	0.02
0	0.0233333
0	0.0266666
0	0.03
0	0.0333333
0	0.0366666
0	0.04
0	0.0433333
0	0.0466666
0	0.05
0	0.0533333
0	0.0566666
0	0.0599999
0	0.0633333
0	0.0666666
0	0.0699999
0	0.0733333
0	0.0766666
0	0.0799999
0	0.0833333
0	0.0866666
0	0.0899999
0	0.0933332
0	0.0966666
0	0.0999999
306	0.103333
316	0.106667
326	0.11
334	0.113333
340	0.116667
346	0.12
352	0.123333
358	0.126667
364	0.13
370	0.133333
376	0.136667
380	0.14
384	0.143333
388	0.146667
391	0.15
395	0.153333
399	0.156667
403	0.16
407	0.163333
410	0.166666
414	0.17
418	0.173333
422	0.176666
426	0.18
429	0.183333
433	0.186666
437	0.19
441	0.193333
444	0.196666
447	0.2
449	0.203333
450	0.206666
452	0.21
453	0.213333
455	0.216666
456	0.22
458	0.223333
460	0.226666
461	0.23
463	0.233333
464	0.236666
466	0.24
467	0.243333
469	0.246666
470	0.25
472	0.253333
474	0.256666
475	0.26
477	0.263333
478	0.266666
480	0.27
481	0.273333
483	0.276666
484	0.28
486	0.283333
488	0.286666
489	0.29
491	0.293333
492	0.296666
494	0.3
495	0.303333
497	0.306666
498	0.31
500	0.313333
501	0.316666
503	0.32
505	0.323333
506	0.326666
508	0.33
509	0.333333
510	0.336666
510	0.34
511	0.343333
511	0.346666
512	0.35
512	0.353333
512	0.356666
513	0.36
513	0.363333
514	0.366666
514	0.37
514	0.373333
515	0.376666
515	0.38
516	0.383333
516	0.386666
516	0.39
517	0.393333
517	0.396666
518	0.4
518	0.403333
519	0.406666
519	0.41
519	0.413333
520	0.416666
520	0.42
521	0.423333
521	0.426666
521	0.43
522	0.433333
522	0.436666
523	0.44
523	0.443333
523	0.446666
524	0.45
524	0.453333
525	0.456666
525	0.46
526	0.463333
526	0.466666
526	0.47
527	0.473333
527	0.476666
528	0.48
528	0.483333
528	0.486666
529	0.49
529	0.493333
530	0.496666
530	0.499999
531	0.503333
531	0.506666
531	0.509999
532	0.513333
532	0.516666
533	0.519999
533	0.523333
533	0.526666
534	0.529999
534	0.533333
535	0.536666
535	0.539999
535	0.543333
536	0.546666
536	0.549999
537	0.553333
537	0.556666
538	0.559999
538	0.563333
538	0.566666
539	0.569999
539	0.573333
540	0.576666
540	0.579999
542	0.583333
544	0.586666
546	0.589999
548	0.593333
549	0.596666
551	0.599999
553	0.603333
555	0.606666
557	0.609999
559	0.613333
560	0.616666
562	0.619999
564	0.623333
566	0.626666
568	0.629999
570	0.633333
571	0.636666
573	0.639999
575	0.643333
577	0.646666
579	0.649999
580	0.653333
582	0.656666
584	0.659999
586	0.663333
588	0.666666
586	0.669999
585	0.673333
584	0.676666
583	0.679999
582	0.683333
581	0.686666
580	0.689999
579	0.693333
577	0.696666
576	0.699999
575	0.703333
574	0.706666
573	0.709999
572	0.713333
571	0.716666
570	0.719999
568	0.723333
567	0.726666
566	0.729999
565	0.733333
564	0.736666
563	0.739999
562	0.743333
561	0.746666
559	0.749999
558	0.753333
556	0.756666
554	0.759999
551	0.763333
549	0.766666
546	0.769999
544	0.773333
541	0.776666
539	0.779999
536	0.783333
534	0.786666
532	0.789999
529	0.793333
527	0.796666
524	0.799999
522	0.803333
519	0.806666
517	0.809999
514	0.813333
512	0.816666
509	0.819999
507	0.823333
504	0.826666
502	0.829999
499	0.833333
497	0.836666
494	0.839999
492	0.843332
489	0.846666
487	0.849999
485	0.853332
482	0.856666
480	0.859999
477	0.863332
475	0.866666
472	0.869999
470	0.873332
467	0.876666
465	0.879999
462	0.883332
460	0.886666
457	0.889999
455	0.893332
452	0.896666
449	0.899999
445	0.903332
441	0.906666
437	0.909999
434	0.913332
430	0.916666
426	0.919999
422	0.923332
418	0.926666
414	0.929999
410	0.933332
406	0.936666
402	0.939999
398	0.943332
394	0.946666
390	0.949999
386	0.953332
382	0.956666
378	0.959999
374	0.963332
368	0.966666
361	0.969999
354	0.973332
347	0.976666
340	0.979999
333	0.983332
326	0.986666
319	0.989999
312	0.993332
305	0.996666
0	0.999999
0	1.00333
0	1.00667
0	1.01
0	1.01333
0	1.01667
0	1.02
0	1.02333
0	1.02667
0	1.03
0	1.03333
0	1.03667
0	1.04
0	1.04333
0	1.04667
0	1.05
0	1.05333
0	1.05667
0	1.06
0	1.06333
0	1.06667
0	1.07
0	1.07333
0	1.07667
0	1.08
0	1.08333
0	1.08667
0	1.09
0	1.09333
0	1.09667
0	1.1
0	1.10333
0	1.10667
0	1.11
0	1.11333
0	1.11667
0	1.12
0	1.12333
0	1.12667
0	1.13
0	1.13333
0	1.13667
0	1.14
0	1.14333
0	1.14667
0	1.15
0	1.15333
0	1.15667
0	1.16
0	1.16333
