0	0
0	0.00333333
0	0.00666666
0	0.00999999
0	0.0133333
0	0.0166667
0	0.02
0	0.0233333
0	0.0266666
0	0.03
0	0.0333333
0	0.0366666
0	0.04
0	0.0433333
0	0.0466666
0	0.05
0	0.0533333
0	0.0566666
0	0.0599999
0	0.0633333
0	0.0666666
0	0.0699999
0	0.0733333
0	0.0766666
0	0.0799999
0	0.0833333
0	0.0866666
0	0.0899999
0	0.0933332
0	0.0966666
0	0.0999999
306	0.103333
316	0.106667
326	0.11
336	0.113333
346	0.116667
355	0.12
361	0.123333
367	0.126667
373	0.13
379	0.133333
385	0.136667
391	0.14
397	0.143333
403	0.146667
409	0.15
415	0.153333
421	0.156667
426	0.16
431	0.163333
435	0.166666
439	0.17
443	0.173333
447	0.176666
451	0.18
455	0.183333
459	0.186666
463	0.19
467	0.193333
471	0.196666
475	0.2
479	0.203333
483	0.206666
487	0.21
491	0.213333
495	0.216666
499	0.22
503	0.223333
507	0.226666
511	0.23
515	0.233333
519	0.236666
523	0.24
527	0.243333
531	0.246666
535	0.25
539	0.253333
543	0.256666
547	0.26
551	0.263333
555	0.266666
559	0.27
563	0.273333
567	0.276666
571	0.28
575	0.283333
578	0.286666
580	0.29
582	0.293333
584	0.296666
586	0.3
588	0.303333
590	0.306666
592	0.31
594	0.313333
596	0.316666
598	0.32
600	0.323333
601	0.326666
603	0.33
605	0.333333
606	0.336666
606	0.34
606	0.343333
606	0.346666
607	0.35
607	0.353333
607	0.356666
607	0.36
607	0.363333
608	0.366666
608	0.37
608	0.373333
608	0.376666
608	0.38
608	0.383333
609	0.386666
609	0.39
609	0.393333
609	0.396666
609	0.4
609	0.403333
610	0.406666
610	0.41
610	0.413333
610	0.416666
610	0.42
611	0.423333
611	0.426666
612	0.43
612	0.433333
613	0.436666
613	0.44
614	0.443333
614	0.446666
615	0.45
615	0.453333
616	0.456666
616	0.46
617	0.463333
617	0.466666
618	0.47
618	0.473333
619	0.476666
620	0.48
620	0.483333
621	0.486666
621	0.49
622	0.493333
622	0.496666
623	0.499999
623	0.503333
624	0.506666
624	0.509999
625	0.513333
625	0.516666
626	0.519999
626	0.523333
627	0.526666
627	0.529999
628	0.533333
628	0.536666
629	0.539999
630	0.543333
630	0.546666
631	0.549999
631	0.553333
632	0.556666
632	0.559999
633	0.563333
633	0.566666
634	0.569999
634	0.573333
635	0.576666
635	0.579999
636	0.583333
636	0.586666
637	0.589999
637	0.593333
638	0.596666
638	0.599999
639	0.603333
639	0.606666
640	0.609999
641	0.613333
641	0.616666
642	0.619999
642	0.623333
643	0.626666
643	0.629999
644	0.633333
644	0.636666
645	0.639999
645	0.643333
646	0.646666
646	0.649999
647	0.653333
647	0.656666
648	0.659999
648	0.663333
649	0.666666
647	0.669999
644	0.673333
642	0.676666
639	0.679999
636	0.683333
634	0.686666
631	0.689999
628	0.693333
625	0.696666
623	0.699999
620	0.703333
617	0.706666
615	0.709999
612	0.713333
609	0.716666
607	0.719999
604	0.723333
601	0.726666
599	0.729999
596	0.733333
593	0.736666
591	0.739999
588	0.743333
585	0.746666
582	0.749999
580	0.753333
577	0.756666
574	0.759999
572	0.763333
569	0.766666
566	0.769999
564	0.773333
561	0.776666
558	0.779999
556	0.783333
553	0.786666
550	0.789999
548	0.793333
545	0.796666
542	0.799999
539	0.803333
537	0.806666
534	0.809999
531	0.813333
529	0.816666
526	0.819999
523	0.823333
521	0.826666
518	0.829999
515	0.833333
513	0.836666
510	0.839999
507	0.843332
505	0.846666
502	0.849999
499	0.853332
496	0.856666
494	0.859999
491	0.863332
488	0.866666
486	0.869999
483	0.873332
480	0.876666
478	0.879999
474	0.883332
470	0.886666
466	0.889999
461	0.893332
457	0.896666
452	0.899999
448	0.903332
444	0.906666
439	0.909999
435	0.913332
430	0.916666
426	0.919999
422	0.923332
417	0.926666
413	0.929999
408	0.933332
404	0.936666
400	0.939999
395	0.943332
391	0.946666
386	0.949999
382	0.953332
377	0.956666
373	0.959999
369	0.963332
364	0.966666
360	0.969999
354	0.973332
347	0.976666
340	0.979999
333	0.983332
326	0.986666
319	0.989999
312	0.993332
305	0.996666
0	0.999999
0	1.00333
0	1.00667
0	1.01
0	1.01333
0	1.01667
0	1.02
0	1.02333
0	1.02667
0	1.03
0	1.03333
0	1.03667
0	1.04
0	1.04333
0	1.04667
0	1.05
0	1.05333
0	1.05667
0	1.06
0	1.06333
0	1.06667
0	1.07
0	1.07333
0	1.07667
0	1.08
0	1.08333
0	1.08667
0	1.09
0	1.09333
0	1.09667
0	1.1
0	1.10333
0	1.10667
0	1.11
0	1.11333
0	1.11667
0	1.12
0	1.12333
0	1.12667
0	1.13
0	1.13333
0	1.13667
0	1.14
0	1.14333
0	1.14667
0	1.15
0	1.15333
0	1.15667
0	1.16
0	1.16333
