0	0
0	0.00333333
0	0.00666666
0	0.00999999
0	0.0133333
0	0.0166667
0	0.02
0	0.0233333
0	0.0266666
0	0.03
0	0.0333333
0	0.0366666
0	0.04
0	0.0433333
0	0.0466666
0	0.05
0	0.0533333
0	0.0566666
0	0.0599999
0	0.0633333
0	0.0666666
0	0.0699999
0	0.0733333
0	0.0766666
0	0.0799999
0	0.0833333
0	0.0866666
0	0.0899999
0	0.0933332
0	0.0966666
0	0.0999999
306	0.103333
316	0.106667
326	0.11
336	0.113333
346	0.116667
354	0.12
361	0.123333
367	0.126667
373	0.13
379	0.133333
385	0.136667
391	0.14
397	0.143333
404	0.146667
410	0.15
416	0.153333
422	0.156667
428	0.16
434	0.163333
440	0.166666
444	0.17
448	0.173333
452	0.176666
456	0.18
460	0.183333
464	0.186666
468	0.19
472	0.193333
476	0.196666
480	0.2
484	0.203333
488	0.206666
492	0.21
496	0.213333
500	0.216666
504	0.22
509	0.223333
513	0.226666
517	0.23
521	0.233333
525	0.236666
529	0.24
533	0.243333
537	0.246666
541	0.25
545	0.253333
549	0.256666
553	0.26
557	0.263333
561	0.266666
565	0.27
569	0.273333
573	0.276666
577	0.28
582	0.283333
586	0.286666
590	0.29
594	0.293333
598	0.296666
602	0.3
606	0.303333
610	0.306666
613	0.31
615	0.313333
617	0.316666
619	0.32
621	0.323333
623	0.326666
625	0.33
627	0.333333
628	0.336666
628	0.34
628	0.343333
628	0.346666
628	0.35
628	0.353333
628	0.356666
629	0.36
629	0.363333
629	0.366666
629	0.37
629	0.373333
629	0.376666
629	0.38
630	0.383333
630	0.386666
631	0.39
631	0.393333
631	0.396666
632	0.4
632	0.403333
632	0.406666
633	0.41
633	0.413333
634	0.416666
634	0.42
634	0.423333
635	0.426666
635	0.43
636	0.433333
636	0.436666
636	0.44
637	0.443333
637	0.446666
637	0.45
638	0.453333
638	0.456666
639	0.46
639	0.463333
639	0.466666
640	0.47
640	0.473333
641	0.476666
641	0.48
641	0.483333
642	0.486666
642	0.49
642	0.493333
643	0.496666
643	0.499999
644	0.503333
644	0.506666
644	0.509999
645	0.513333
645	0.516666
646	0.519999
646	0.523333
646	0.526666
647	0.529999
647	0.533333
647	0.536666
648	0.539999
648	0.543333
649	0.546666
649	0.549999
649	0.553333
650	0.556666
650	0.559999
650	0.563333
651	0.566666
651	0.569999
651	0.573333
651	0.576666
651	0.579999
651	0.583333
652	0.586666
652	0.589999
652	0.593333
652	0.596666
652	0.599999
652	0.603333
652	0.606666
653	0.609999
653	0.613333
653	0.616666
653	0.619999
653	0.623333
653	0.626666
653	0.629999
654	0.633333
654	0.636666
654	0.639999
654	0.643333
654	0.646666
654	0.649999
655	0.653333
655	0.656666
655	0.659999
655	0.663333
655	0.666666
652	0.669999
650	0.673333
647	0.676666
644	0.679999
641	0.683333
639	0.686666
636	0.689999
633	0.693333
631	0.696666
628	0.699999
625	0.703333
622	0.706666
620	0.709999
617	0.713333
614	0.716666
612	0.719999
609	0.723333
606	0.726666
603	0.729999
601	0.733333
598	0.736666
595	0.739999
593	0.743333
590	0.746666
587	0.749999
585	0.753333
582	0.756666
579	0.759999
576	0.763333
574	0.766666
571	0.769999
568	0.773333
566	0.776666
563	0.779999
560	0.783333
557	0.786666
555	0.789999
552	0.793333
549	0.796666
547	0.799999
544	0.803333
541	0.806666
538	0.809999
536	0.813333
533	0.816666
530	0.819999
528	0.823333
525	0.826666
522	0.829999
520	0.833333
517	0.836666
514	0.839999
511	0.843332
509	0.846666
506	0.849999
503	0.853332
501	0.856666
498	0.859999
495	0.863332
492	0.866666
490	0.869999
487	0.873332
484	0.876666
480	0.879999
475	0.883332
471	0.886666
467	0.889999
462	0.893332
458	0.896666
453	0.899999
449	0.903332
444	0.906666
440	0.909999
436	0.913332
431	0.916666
427	0.919999
422	0.923332
418	0.926666
413	0.929999
409	0.933332
405	0.936666
400	0.939999
396	0.943332
391	0.946666
387	0.949999
383	0.953332
378	0.956666
374	0.959999
369	0.963332
365	0.966666
360	0.969999
354	0.973332
347	0.976666
340	0.979999
333	0.983332
326	0.986666
319	0.989999
312	0.993332
305	0.996666
0	0.999999
0	1.00333
0	1.00667
0	1.01
0	1.01333
0	1.01667
0	1.02
0	1.02333
0	1.02667
0	1.03
0	1.03333
0	1.03667
0	1.04
0	1.04333
0	1.04667
0	1.05
0	1.05333
0	1.05667
0	1.06
0	1.06333
0	1.06667
0	1.07
0	1.07333
0	1.07667
0	1.08
0	1.08333
0	1.08667
0	1.09
0	1.09333
0	1.09667
0	1.1
0	1.10333
0	1.10667
0	1.11
0	1.11333
0	1.11667
0	1.12
0	1.12333
0	1.12667
0	1.13
0	1.13333
0	1.13667
0	1.14
0	1.14333
0	1.14667
0	1.15
0	1.15333
0	1.15667
0	1.16
0	1.16333
