0	0
0	0.00333333
0	0.00666666
0	0.00999999
0	0.0133333
0	0.0166667
0	0.02
0	0.0233333
0	0.0266666
0	0.03
0	0.0333333
0	0.0366666
0	0.04
0	0.0433333
0	0.0466666
0	0.05
0	0.0533333
0	0.0566666
0	0.0599999
0	0.0633333
0	0.0666666
0	0.0699999
0	0.0733333
0	0.0766666
0	0.0799999
0	0.0833333
0	0.0866666
0	0.0899999
0	0.0933332
0	0.0966666
0	0.0999999
306	0.103333
316	0.106667
325	0.11
331	0.113333
337	0.116667
343	0.12
349	0.123333
354	0.126667
358	0.13
362	0.133333
366	0.136667
370	0.14
374	0.143333
377	0.146667
381	0.15
385	0.153333
389	0.156667
393	0.16
397	0.163333
401	0.166666
405	0.17
408	0.173333
410	0.176666
412	0.18
414	0.183333
416	0.186666
418	0.19
420	0.193333
422	0.196666
423	0.2
425	0.203333
427	0.206666
429	0.21
431	0.213333
433	0.216666
435	0.22
436	0.223333
438	0.226666
440	0.23
442	0.233333
444	0.236666
446	0.24
448	0.243333
449	0.246666
451	0.25
453	0.253333
455	0.256666
457	0.26
459	0.263333
461	0.266666
462	0.27
464	0.273333
466	0.276666
468	0.28
470	0.283333
472	0.286666
474	0.29
475	0.293333
477	0.296666
479	0.3
481	0.303333
483	0.306666
485	0.31
487	0.313333
488	0.316666
490	0.32
492	0.323333
494	0.326666
492	0.33
491	0.333333
490	0.336666
491	0.34
491	0.343333
491	0.346666
491	0.35
492	0.353333
492	0.356666
492	0.36
492	0.363333
493	0.366666
493	0.37
493	0.373333
493	0.376666
494	0.38
494	0.383333
494	0.386666
494	0.39
495	0.393333
495	0.396666
495	0.4
495	0.403333
496	0.406666
496	0.41
496	0.413333
496	0.416666
497	0.42
497	0.423333
497	0.426666
497	0.43
498	0.433333
498	0.436666
498	0.44
498	0.443333
499	0.446666
499	0.45
499	0.453333
499	0.456666
500	0.46
500	0.463333
500	0.466666
500	0.47
500	0.473333
500	0.476666
500	0.48
501	0.483333
501	0.486666
501	0.49
501	0.493333
501	0.496666
501	0.499999
501	0.503333
501	0.506666
501	0.509999
501	0.513333
501	0.516666
501	0.519999
501	0.523333
501	0.526666
502	0.529999
502	0.533333
502	0.536666
502	0.539999
502	0.543333
502	0.546666
502	0.549999
502	0.553333
502	0.556666
502	0.559999
502	0.563333
502	0.566666
502	0.569999
502	0.573333
502	0.576666
502	0.579999
502	0.583333
503	0.586666
503	0.589999
503	0.593333
503	0.596666
503	0.599999
503	0.603333
503	0.606666
503	0.609999
503	0.613333
503	0.616666
503	0.619999
503	0.623333
503	0.626666
503	0.629999
503	0.633333
503	0.636666
503	0.639999
503	0.643333
504	0.646666
504	0.649999
504	0.653333
504	0.656666
504	0.659999
505	0.663333
505	0.666666
504	0.669999
502	0.673333
501	0.676666
500	0.679999
499	0.683333
497	0.686666
496	0.689999
495	0.693333
494	0.696666
492	0.699999
491	0.703333
490	0.706666
489	0.709999
487	0.713333
486	0.716666
485	0.719999
484	0.723333
482	0.726666
481	0.729999
480	0.733333
479	0.736666
477	0.739999
476	0.743333
475	0.746666
474	0.749999
472	0.753333
471	0.756666
470	0.759999
469	0.763333
467	0.766666
466	0.769999
465	0.773333
464	0.776666
462	0.779999
461	0.783333
460	0.786666
458	0.789999
457	0.793333
456	0.796666
455	0.799999
453	0.803333
452	0.806666
451	0.809999
450	0.813333
448	0.816666
447	0.819999
446	0.823333
445	0.826666
443	0.829999
442	0.833333
441	0.836666
440	0.839999
438	0.843332
437	0.846666
436	0.849999
435	0.853332
433	0.856666
432	0.859999
431	0.863332
430	0.866666
428	0.869999
427	0.873332
426	0.876666
425	0.879999
423	0.883332
420	0.886666
418	0.889999
416	0.893332
413	0.896666
411	0.899999
409	0.903332
406	0.906666
404	0.909999
401	0.913332
399	0.916666
397	0.919999
394	0.923332
392	0.926666
390	0.929999
387	0.933332
385	0.936666
383	0.939999
380	0.943332
378	0.946666
374	0.949999
370	0.953332
366	0.956666
362	0.959999
358	0.963332
354	0.966666
350	0.969999
346	0.973332
342	0.976666
338	0.979999
333	0.983332
326	0.986666
319	0.989999
312	0.993332
305	0.996666
0	0.999999
0	1.00333
0	1.00667
0	1.01
0	1.01333
0	1.01667
0	1.02
0	1.02333
0	1.02667
0	1.03
0	1.03333
0	1.03667
0	1.04
0	1.04333
0	1.04667
0	1.05
0	1.05333
0	1.05667
0	1.06
0	1.06333
0	1.06667
0	1.07
0	1.07333
0	1.07667
0	1.08
0	1.08333
0	1.08667
0	1.09
0	1.09333
0	1.09667
0	1.1
0	1.10333
0	1.10667
0	1.11
0	1.11333
0	1.11667
0	1.12
0	1.12333
0	1.12667
0	1.13
0	1.13333
0	1.13667
0	1.14
0	1.14333
0	1.14667
0	1.15
0	1.15333
0	1.15667
0	1.16
0	1.16333
