0	0
0	0.00333333
0	0.00666666
0	0.00999999
0	0.0133333
0	0.0166667
0	0.02
0	0.0233333
0	0.0266666
0	0.03
0	0.0333333
0	0.0366666
0	0.04
0	0.0433333
0	0.0466666
0	0.05
0	0.0533333
0	0.0566666
0	0.0599999
0	0.0633333
0	0.0666666
0	0.0699999
0	0.0733333
0	0.0766666
0	0.0799999
0	0.0833333
0	0.0866666
0	0.0899999
0	0.0933332
0	0.0966666
0	0.0999999
306	0.103333
316	0.106667
326	0.11
336	0.113333
346	0.116667
356	0.12
366	0.123333
376	0.126667
386	0.13
392	0.133333
399	0.136667
405	0.14
411	0.143333
417	0.146667
424	0.15
430	0.153333
436	0.156667
442	0.16
449	0.163333
455	0.166666
461	0.17
467	0.173333
474	0.176666
480	0.18
486	0.183333
492	0.186666
499	0.19
505	0.193333
511	0.196666
517	0.2
524	0.203333
530	0.206666
536	0.21
543	0.213333
549	0.216666
555	0.22
559	0.223333
564	0.226666
568	0.23
572	0.233333
576	0.236666
581	0.24
585	0.243333
589	0.246666
593	0.25
598	0.253333
602	0.256666
606	0.26
610	0.263333
615	0.266666
619	0.27
623	0.273333
627	0.276666
631	0.28
636	0.283333
640	0.286666
644	0.29
648	0.293333
653	0.296666
657	0.3
661	0.303333
665	0.306666
670	0.31
674	0.313333
678	0.316666
682	0.32
687	0.323333
691	0.326666
695	0.33
699	0.333333
701	0.336666
703	0.34
704	0.343333
705	0.346666
706	0.35
707	0.353333
708	0.356666
709	0.36
710	0.363333
711	0.366666
713	0.37
714	0.373333
715	0.376666
716	0.38
717	0.383333
718	0.386666
719	0.39
720	0.393333
722	0.396666
723	0.4
724	0.403333
725	0.406666
726	0.41
727	0.413333
728	0.416666
729	0.42
730	0.423333
732	0.426666
733	0.43
734	0.433333
735	0.436666
736	0.44
737	0.443333
738	0.446666
739	0.45
740	0.453333
742	0.456666
743	0.46
744	0.463333
745	0.466666
746	0.47
747	0.473333
748	0.476666
749	0.48
751	0.483333
752	0.486666
753	0.49
754	0.493333
755	0.496666
756	0.499999
757	0.503333
758	0.506666
759	0.509999
761	0.513333
762	0.516666
763	0.519999
764	0.523333
765	0.526666
766	0.529999
767	0.533333
768	0.536666
770	0.539999
771	0.543333
772	0.546666
773	0.549999
774	0.553333
775	0.556666
776	0.559999
777	0.563333
778	0.566666
780	0.569999
781	0.573333
782	0.576666
783	0.579999
784	0.583333
785	0.586666
786	0.589999
787	0.593333
788	0.596666
790	0.599999
791	0.603333
792	0.606666
793	0.609999
794	0.613333
795	0.616666
796	0.619999
797	0.623333
799	0.626666
800	0.629999
801	0.633333
801	0.636666
802	0.639999
803	0.643333
804	0.646666
804	0.649999
805	0.653333
806	0.656666
807	0.659999
807	0.663333
808	0.666666
804	0.669999
800	0.673333
796	0.676666
792	0.679999
787	0.683333
783	0.686666
779	0.689999
774	0.693333
770	0.696666
766	0.699999
762	0.703333
757	0.706666
753	0.709999
749	0.713333
745	0.716666
740	0.719999
736	0.723333
732	0.726666
727	0.729999
723	0.733333
719	0.736666
715	0.739999
710	0.743333
706	0.746666
702	0.749999
698	0.753333
693	0.756666
689	0.759999
685	0.763333
680	0.766666
676	0.769999
672	0.773333
668	0.776666
663	0.779999
659	0.783333
655	0.786666
651	0.789999
646	0.793333
642	0.796666
638	0.799999
633	0.803333
629	0.806666
625	0.809999
621	0.813333
616	0.816666
612	0.819999
608	0.823333
604	0.826666
599	0.829999
595	0.833333
591	0.836666
586	0.839999
582	0.843332
578	0.846666
574	0.849999
569	0.853332
565	0.856666
561	0.859999
556	0.863332
552	0.866666
548	0.869999
544	0.873332
539	0.876666
535	0.879999
531	0.883332
527	0.886666
522	0.889999
518	0.893332
514	0.896666
509	0.899999
503	0.903332
496	0.906666
489	0.909999
482	0.913332
475	0.916666
468	0.919999
461	0.923332
454	0.926666
447	0.929999
440	0.933332
433	0.936666
426	0.939999
419	0.943332
412	0.946666
405	0.949999
397	0.953332
390	0.956666
383	0.959999
376	0.963332
369	0.966666
362	0.969999
355	0.973332
348	0.976666
341	0.979999
334	0.983332
327	0.986666
320	0.989999
313	0.993332
306	0.996666
0	0.999999
0	1.00333
0	1.00667
0	1.01
0	1.01333
0	1.01667
0	1.02
0	1.02333
0	1.02667
0	1.03
0	1.03333
0	1.03667
0	1.04
0	1.04333
0	1.04667
0	1.05
0	1.05333
0	1.05667
0	1.06
0	1.06333
0	1.06667
0	1.07
0	1.07333
0	1.07667
0	1.08
0	1.08333
0	1.08667
0	1.09
0	1.09333
0	1.09667
0	1.1
0	1.10333
0	1.10667
0	1.11
0	1.11333
0	1.11667
0	1.12
0	1.12333
0	1.12667
0	1.13
0	1.13333
0	1.13667
0	1.14
0	1.14333
0	1.14667
0	1.15
0	1.15333
0	1.15667
0	1.16
0	1.16333
0	1.16667
0	1.17
0	1.17333
0	1.17667
0	1.18
0	1.18333
0	1.18667
0	1.19
0	1.19333
0	1.19667
0	1.2
0	1.20333
0	1.20667
0	1.21
0	1.21333
0	1.21667
0	1.22
0	1.22333
0	1.22667
0	1.23
0	1.23333
0	1.23667
0	1.24
0	1.24333
0	1.24667
0	1.25
0	1.25333
0	1.25667
0	1.26
0	1.26333
0	1.26667
0	1.27
0	1.27333
0	1.27667
0	1.28
0	1.28333
0	1.28667
0	1.29
0	1.29333
0	1.29667
0	1.3
0	1.30333
0	1.30667
0	1.31
0	1.31333
0	1.31667
0	1.32
0	1.32333
0	1.32667
0	1.33
0	1.33333
0	1.33667
0	1.34
0	1.34333
0	1.34667
0	1.35
0	1.35333
0	1.35667
0	1.36
0	1.36333
0	1.36667
0	1.37
0	1.37333
0	1.37667
0	1.38
0	1.38333
0	1.38667
0	1.39
0	1.39333
0	1.39667
0	1.4
0	1.40333
0	1.40667
0	1.41
0	1.41333
0	1.41667
0	1.42
0	1.42333
0	1.42667
0	1.43
0	1.43333
0	1.43667
0	1.44
0	1.44333
0	1.44667
0	1.45
0	1.45333
0	1.45667
0	1.46
0	1.46333
0	1.46667
0	1.47
0	1.47333
0	1.47667
0	1.48
0	1.48333
0	1.48667
0	1.49
0	1.49333
0	1.49667
0	1.5
0	1.50333
0	1.50667
0	1.51
0	1.51333
0	1.51667
0	1.52
0	1.52333
0	1.52667
0	1.53
0	1.53333
0	1.53667
0	1.54
0	1.54333
0	1.54667
0	1.55
0	1.55333
0	1.55667
0	1.56
0	1.56333
0	1.56667
0	1.57
0	1.57333
0	1.57667
0	1.58
0	1.58333
0	1.58667
0	1.59
0	1.59333
0	1.59667
0	1.6
0	1.60333
0	1.60667
0	1.61
0	1.61333
0	1.61667
0	1.62
0	1.62333
0	1.62667
0	1.63
0	1.63333
0	1.63667
0	1.64
0	1.64333
0	1.64667
0	1.65
0	1.65333
0	1.65667
0	1.66
0	1.66333
