0	0
0	0.00333333
0	0.00666666
0	0.00999999
0	0.0133333
0	0.0166667
0	0.02
0	0.0233333
0	0.0266666
0	0.03
0	0.0333333
0	0.0366666
0	0.04
0	0.0433333
0	0.0466666
0	0.05
0	0.0533333
0	0.0566666
0	0.0599999
0	0.0633333
0	0.0666666
0	0.0699999
0	0.0733333
0	0.0766666
0	0.0799999
0	0.0833333
0	0.0866666
0	0.0899999
0	0.0933332
0	0.0966666
0	0.0999999
306	0.103333
316	0.106667
326	0.11
336	0.113333
346	0.116667
356	0.12
363	0.123333
368	0.126667
374	0.13
380	0.133333
386	0.136667
392	0.14
398	0.143333
404	0.146667
410	0.15
416	0.153333
422	0.156667
428	0.16
434	0.163333
440	0.166666
444	0.17
448	0.173333
452	0.176666
457	0.18
461	0.183333
465	0.186666
469	0.19
473	0.193333
478	0.196666
482	0.2
486	0.203333
490	0.206666
495	0.21
499	0.213333
503	0.216666
507	0.22
512	0.223333
516	0.226666
520	0.23
524	0.233333
529	0.236666
533	0.24
537	0.243333
541	0.246666
545	0.25
550	0.253333
554	0.256666
558	0.26
562	0.263333
567	0.266666
571	0.27
575	0.273333
579	0.276666
584	0.28
588	0.283333
592	0.286666
596	0.29
600	0.293333
605	0.296666
609	0.3
613	0.303333
617	0.306666
622	0.31
626	0.313333
630	0.316666
634	0.32
639	0.323333
643	0.326666
647	0.33
651	0.333333
653	0.336666
654	0.34
655	0.343333
656	0.346666
656	0.35
657	0.353333
657	0.356666
657	0.36
658	0.363333
658	0.366666
659	0.37
659	0.373333
660	0.376666
660	0.38
660	0.383333
661	0.386666
661	0.39
662	0.393333
662	0.396666
663	0.4
663	0.403333
663	0.406666
664	0.41
664	0.413333
665	0.416666
665	0.42
666	0.423333
666	0.426666
666	0.43
667	0.433333
667	0.436666
668	0.44
668	0.443333
669	0.446666
669	0.45
669	0.453333
670	0.456666
670	0.46
671	0.463333
671	0.466666
672	0.47
672	0.473333
672	0.476666
673	0.48
673	0.483333
674	0.486666
674	0.49
675	0.493333
675	0.496666
675	0.499999
676	0.503333
676	0.506666
677	0.509999
677	0.513333
678	0.516666
678	0.519999
678	0.523333
679	0.526666
679	0.529999
680	0.533333
680	0.536666
681	0.539999
681	0.543333
681	0.546666
682	0.549999
682	0.553333
683	0.556666
683	0.559999
684	0.563333
684	0.566666
684	0.569999
685	0.573333
685	0.576666
686	0.579999
686	0.583333
687	0.586666
687	0.589999
687	0.593333
688	0.596666
688	0.599999
689	0.603333
689	0.606666
689	0.609999
690	0.613333
690	0.616666
691	0.619999
691	0.623333
692	0.626666
692	0.629999
692	0.633333
693	0.636666
693	0.639999
694	0.643333
694	0.646666
695	0.649999
695	0.653333
695	0.656666
696	0.659999
696	0.663333
697	0.666666
694	0.669999
692	0.673333
689	0.676666
686	0.679999
684	0.683333
681	0.686666
678	0.689999
676	0.693333
673	0.696666
670	0.699999
668	0.703333
665	0.706666
662	0.709999
660	0.713333
657	0.716666
654	0.719999
652	0.723333
649	0.726666
646	0.729999
644	0.733333
641	0.736666
638	0.739999
636	0.743333
633	0.746666
630	0.749999
628	0.753333
625	0.756666
622	0.759999
620	0.763333
617	0.766666
614	0.769999
612	0.773333
609	0.776666
606	0.779999
604	0.783333
601	0.786666
598	0.789999
596	0.793333
593	0.796666
590	0.799999
587	0.803333
585	0.806666
582	0.809999
579	0.813333
576	0.816666
572	0.819999
568	0.823333
563	0.826666
559	0.829999
555	0.833333
551	0.836666
547	0.839999
542	0.843332
538	0.846666
534	0.849999
530	0.853332
525	0.856666
521	0.859999
517	0.863332
513	0.866666
509	0.869999
504	0.873332
500	0.876666
496	0.879999
492	0.883332
488	0.886666
483	0.889999
479	0.893332
475	0.896666
471	0.899999
467	0.903332
462	0.906666
458	0.909999
454	0.913332
450	0.916666
446	0.919999
441	0.923332
437	0.926666
433	0.929999
429	0.933332
425	0.936666
420	0.939999
416	0.943332
412	0.946666
405	0.949999
397	0.953332
390	0.956666
383	0.959999
376	0.963332
369	0.966666
362	0.969999
355	0.973332
348	0.976666
341	0.979999
334	0.983332
327	0.986666
320	0.989999
313	0.993332
306	0.996666
0	0.999999
0	1.00333
0	1.00667
0	1.01
0	1.01333
0	1.01667
0	1.02
0	1.02333
0	1.02667
0	1.03
0	1.03333
0	1.03667
0	1.04
0	1.04333
0	1.04667
0	1.05
0	1.05333
0	1.05667
0	1.06
0	1.06333
0	1.06667
0	1.07
0	1.07333
0	1.07667
0	1.08
0	1.08333
0	1.08667
0	1.09
0	1.09333
0	1.09667
0	1.1
0	1.10333
0	1.10667
0	1.11
0	1.11333
0	1.11667
0	1.12
0	1.12333
0	1.12667
0	1.13
0	1.13333
0	1.13667
0	1.14
0	1.14333
0	1.14667
0	1.15
0	1.15333
0	1.15667
0	1.16
0	1.16333
0	1.16667
0	1.17
0	1.17333
0	1.17667
0	1.18
0	1.18333
0	1.18667
0	1.19
0	1.19333
0	1.19667
0	1.2
0	1.20333
0	1.20667
0	1.21
0	1.21333
0	1.21667
0	1.22
0	1.22333
0	1.22667
0	1.23
0	1.23333
0	1.23667
0	1.24
0	1.24333
0	1.24667
0	1.25
0	1.25333
0	1.25667
0	1.26
0	1.26333
0	1.26667
0	1.27
0	1.27333
0	1.27667
0	1.28
0	1.28333
0	1.28667
0	1.29
0	1.29333
0	1.29667
0	1.3
0	1.30333
0	1.30667
0	1.31
0	1.31333
0	1.31667
0	1.32
0	1.32333
0	1.32667
0	1.33
0	1.33333
0	1.33667
0	1.34
0	1.34333
0	1.34667
0	1.35
0	1.35333
0	1.35667
0	1.36
0	1.36333
0	1.36667
0	1.37
0	1.37333
0	1.37667
0	1.38
0	1.38333
0	1.38667
0	1.39
0	1.39333
0	1.39667
0	1.4
0	1.40333
0	1.40667
0	1.41
0	1.41333
0	1.41667
0	1.42
0	1.42333
0	1.42667
0	1.43
0	1.43333
0	1.43667
0	1.44
0	1.44333
0	1.44667
0	1.45
0	1.45333
0	1.45667
0	1.46
0	1.46333
0	1.46667
0	1.47
0	1.47333
0	1.47667
0	1.48
0	1.48333
0	1.48667
0	1.49
0	1.49333
0	1.49667
0	1.5
0	1.50333
0	1.50667
0	1.51
0	1.51333
0	1.51667
0	1.52
0	1.52333
0	1.52667
0	1.53
0	1.53333
0	1.53667
0	1.54
0	1.54333
0	1.54667
0	1.55
0	1.55333
0	1.55667
0	1.56
0	1.56333
0	1.56667
0	1.57
0	1.57333
0	1.57667
0	1.58
0	1.58333
0	1.58667
0	1.59
0	1.59333
0	1.59667
0	1.6
0	1.60333
0	1.60667
0	1.61
0	1.61333
0	1.61667
0	1.62
0	1.62333
0	1.62667
0	1.63
0	1.63333
0	1.63667
0	1.64
0	1.64333
0	1.64667
0	1.65
0	1.65333
0	1.65667
0	1.66
0	1.66333
