0	0
0	0.00333333
0	0.00666666
0	0.00999999
0	0.0133333
0	0.0166667
0	0.02
0	0.0233333
0	0.0266666
0	0.03
0	0.0333333
0	0.0366666
0	0.04
0	0.0433333
0	0.0466666
0	0.05
0	0.0533333
0	0.0566666
0	0.0599999
0	0.0633333
0	0.0666666
0	0.0699999
0	0.0733333
0	0.0766666
0	0.0799999
0	0.0833333
0	0.0866666
0	0.0899999
0	0.0933332
0	0.0966666
0	0.0999999
306	0.103333
313	0.106667
318	0.11
322	0.113333
326	0.116667
329	0.12
332	0.123333
334	0.126667
336	0.13
338	0.133333
340	0.136667
343	0.14
345	0.143333
347	0.146667
349	0.15
351	0.153333
353	0.156667
355	0.16
357	0.163333
359	0.166666
361	0.17
363	0.173333
365	0.176666
364	0.18
363	0.183333
362	0.186666
361	0.19
360	0.193333
359	0.196666
358	0.2
357	0.203333
356	0.206666
355	0.21
355	0.213333
354	0.216666
353	0.22
352	0.223333
351	0.226666
350	0.23
349	0.233333
348	0.236666
347	0.24
346	0.243333
345	0.246666
345	0.25
344	0.253333
343	0.256666
342	0.26
341	0.263333
340	0.266666
339	0.27
338	0.273333
337	0.276666
336	0.28
335	0.283333
335	0.286666
334	0.29
333	0.293333
332	0.296666
331	0.3
330	0.303333
329	0.306666
328	0.31
327	0.313333
326	0.316666
326	0.32
325	0.323333
324	0.326666
323	0.33
322	0.333333
322	0.336666
322	0.34
322	0.343333
323	0.346666
323	0.35
323	0.353333
323	0.356666
323	0.36
324	0.363333
324	0.366666
324	0.37
324	0.373333
324	0.376666
325	0.38
325	0.383333
325	0.386666
325	0.39
326	0.393333
326	0.396666
326	0.4
326	0.403333
327	0.406666
327	0.41
327	0.413333
327	0.416666
328	0.42
328	0.423333
328	0.426666
328	0.43
329	0.433333
329	0.436666
329	0.44
329	0.443333
329	0.446666
330	0.45
330	0.453333
330	0.456666
330	0.46
331	0.463333
331	0.466666
331	0.47
331	0.473333
332	0.476666
332	0.48
332	0.483333
332	0.486666
333	0.49
333	0.493333
333	0.496666
333	0.499999
334	0.503333
334	0.506666
334	0.509999
334	0.513333
334	0.516666
335	0.519999
335	0.523333
335	0.526666
335	0.529999
336	0.533333
336	0.536666
336	0.539999
336	0.543333
337	0.546666
337	0.549999
337	0.553333
337	0.556666
338	0.559999
338	0.563333
338	0.566666
338	0.569999
338	0.573333
339	0.576666
339	0.579999
339	0.583333
339	0.586666
340	0.589999
340	0.593333
340	0.596666
340	0.599999
341	0.603333
341	0.606666
341	0.609999
341	0.613333
342	0.616666
342	0.619999
342	0.623333
342	0.626666
343	0.629999
343	0.633333
343	0.636666
343	0.639999
343	0.643333
344	0.646666
344	0.649999
344	0.653333
344	0.656666
345	0.659999
345	0.663333
345	0.666666
345	0.669999
346	0.673333
346	0.676666
346	0.679999
346	0.683333
347	0.686666
347	0.689999
347	0.693333
347	0.696666
347	0.699999
348	0.703333
348	0.706666
348	0.709999
348	0.713333
349	0.716666
349	0.719999
349	0.723333
349	0.726666
350	0.729999
350	0.733333
350	0.736666
350	0.739999
351	0.743333
351	0.746666
351	0.749999
351	0.753333
352	0.756666
352	0.759999
352	0.763333
352	0.766666
352	0.769999
353	0.773333
353	0.776666
353	0.779999
353	0.783333
354	0.786666
354	0.789999
354	0.793333
354	0.796666
355	0.799999
355	0.803333
355	0.806666
355	0.809999
356	0.813333
356	0.816666
356	0.819999
356	0.823333
357	0.826666
357	0.829999
357	0.833333
357	0.836666
357	0.839999
358	0.843332
358	0.846666
358	0.849999
358	0.853332
359	0.856666
359	0.859999
359	0.863332
359	0.866666
360	0.869999
360	0.873332
360	0.876666
360	0.879999
361	0.883332
361	0.886666
361	0.889999
361	0.893332
361	0.896666
361	0.899999
359	0.903332
358	0.906666
357	0.909999
356	0.913332
354	0.916666
353	0.919999
352	0.923332
351	0.926666
349	0.929999
348	0.933332
347	0.936666
346	0.939999
344	0.943332
343	0.946666
342	0.949999
341	0.953332
339	0.956666
338	0.959999
337	0.963332
335	0.966666
333	0.969999
330	0.973332
328	0.976666
326	0.979999
323	0.983332
319	0.986666
315	0.989999
311	0.993332
305	0.996666
0	0.999999
0	1.00333
0	1.00667
0	1.01
0	1.01333
0	1.01667
0	1.02
0	1.02333
0	1.02667
0	1.03
0	1.03333
0	1.03667
0	1.04
0	1.04333
0	1.04667
0	1.05
0	1.05333
0	1.05667
0	1.06
0	1.06333
0	1.06667
0	1.07
0	1.07333
0	1.07667
0	1.08
0	1.08333
0	1.08667
0	1.09
0	1.09333
0	1.09667
0	1.1
0	1.10333
0	1.10667
0	1.11
0	1.11333
0	1.11667
0	1.12
0	1.12333
0	1.12667
0	1.13
0	1.13333
0	1.13667
0	1.14
0	1.14333
0	1.14667
0	1.15
0	1.15333
0	1.15667
0	1.16
0	1.16333
