0	0
0	0.00333333
0	0.00666666
0	0.00999999
0	0.0133333
0	0.0166667
0	0.02
0	0.0233333
0	0.0266666
0	0.03
0	0.0333333
0	0.0366666
0	0.04
0	0.0433333
0	0.0466666
0	0.05
0	0.0533333
0	0.0566666
0	0.0599999
0	0.0633333
0	0.0666666
0	0.0699999
0	0.0733333
0	0.0766666
0	0.0799999
0	0.0833333
0	0.0866666
0	0.0899999
0	0.0933332
0	0.0966666
0	0.0999999
306	0.103333
316	0.106667
326	0.11
336	0.113333
346	0.116667
356	0.12
364	0.123333
370	0.126667
375	0.13
381	0.133333
387	0.136667
393	0.14
399	0.143333
405	0.146667
411	0.15
417	0.153333
422	0.156667
428	0.16
434	0.163333
439	0.166666
443	0.17
447	0.173333
451	0.176666
455	0.18
459	0.183333
463	0.186666
467	0.19
472	0.193333
476	0.196666
480	0.2
484	0.203333
488	0.206666
492	0.21
496	0.213333
500	0.216666
504	0.22
508	0.223333
512	0.226666
516	0.23
520	0.233333
524	0.236666
528	0.24
533	0.243333
537	0.246666
541	0.25
545	0.253333
549	0.256666
553	0.26
557	0.263333
561	0.266666
565	0.27
569	0.273333
573	0.276666
577	0.28
581	0.283333
585	0.286666
589	0.29
593	0.293333
598	0.296666
602	0.3
606	0.303333
610	0.306666
613	0.31
615	0.313333
617	0.316666
619	0.32
621	0.323333
623	0.326666
625	0.33
627	0.333333
627	0.336666
628	0.34
628	0.343333
628	0.346666
628	0.35
628	0.353333
628	0.356666
629	0.36
629	0.363333
629	0.366666
629	0.37
629	0.373333
629	0.376666
630	0.38
630	0.383333
631	0.386666
632	0.39
633	0.393333
634	0.396666
635	0.4
636	0.403333
637	0.406666
638	0.41
639	0.413333
640	0.416666
641	0.42
642	0.423333
643	0.426666
644	0.43
645	0.433333
646	0.436666
647	0.44
648	0.443333
649	0.446666
649	0.45
650	0.453333
651	0.456666
651	0.46
652	0.463333
652	0.466666
652	0.47
653	0.473333
653	0.476666
653	0.48
654	0.483333
654	0.486666
654	0.49
655	0.493333
655	0.496666
655	0.499999
656	0.503333
656	0.506666
657	0.509999
657	0.513333
657	0.516666
658	0.519999
658	0.523333
658	0.526666
659	0.529999
659	0.533333
659	0.536666
660	0.539999
660	0.543333
660	0.546666
661	0.549999
661	0.553333
661	0.556666
662	0.559999
662	0.563333
663	0.566666
663	0.569999
663	0.573333
664	0.576666
664	0.579999
664	0.583333
665	0.586666
665	0.589999
665	0.593333
666	0.596666
666	0.599999
666	0.603333
667	0.606666
667	0.609999
668	0.613333
668	0.616666
668	0.619999
669	0.623333
669	0.626666
669	0.629999
670	0.633333
670	0.636666
670	0.639999
671	0.643333
671	0.646666
671	0.649999
672	0.653333
672	0.656666
672	0.659999
673	0.663333
673	0.666666
670	0.669999
667	0.673333
665	0.676666
662	0.679999
659	0.683333
656	0.686666
654	0.689999
651	0.693333
648	0.696666
645	0.699999
643	0.703333
640	0.706666
637	0.709999
634	0.713333
632	0.716666
629	0.719999
626	0.723333
623	0.726666
621	0.729999
618	0.733333
615	0.736666
612	0.739999
610	0.743333
607	0.746666
604	0.749999
601	0.753333
599	0.756666
596	0.759999
593	0.763333
590	0.766666
588	0.769999
585	0.773333
582	0.776666
579	0.779999
577	0.783333
574	0.786666
571	0.789999
568	0.793333
565	0.796666
563	0.799999
560	0.803333
557	0.806666
554	0.809999
552	0.813333
549	0.816666
546	0.819999
543	0.823333
541	0.826666
538	0.829999
535	0.833333
532	0.836666
530	0.839999
527	0.843332
524	0.846666
521	0.849999
519	0.853332
515	0.856666
510	0.859999
506	0.863332
502	0.866666
497	0.869999
493	0.873332
489	0.876666
484	0.879999
480	0.883332
476	0.886666
471	0.889999
467	0.893332
463	0.896666
458	0.899999
454	0.903332
450	0.906666
445	0.909999
441	0.913332
437	0.916666
432	0.919999
428	0.923332
424	0.926666
419	0.929999
415	0.933332
411	0.936666
406	0.939999
402	0.943332
397	0.946666
393	0.949999
389	0.953332
384	0.956666
380	0.959999
375	0.963332
368	0.966666
361	0.969999
354	0.973332
347	0.976666
340	0.979999
333	0.983332
326	0.986666
319	0.989999
312	0.993332
305	0.996666
0	0.999999
0	1.00333
0	1.00667
0	1.01
0	1.01333
0	1.01667
0	1.02
0	1.02333
0	1.02667
0	1.03
0	1.03333
0	1.03667
0	1.04
0	1.04333
0	1.04667
0	1.05
0	1.05333
0	1.05667
0	1.06
0	1.06333
0	1.06667
0	1.07
0	1.07333
0	1.07667
0	1.08
0	1.08333
0	1.08667
0	1.09
0	1.09333
0	1.09667
0	1.1
0	1.10333
0	1.10667
0	1.11
0	1.11333
0	1.11667
0	1.12
0	1.12333
0	1.12667
0	1.13
0	1.13333
0	1.13667
0	1.14
0	1.14333
0	1.14667
0	1.15
0	1.15333
0	1.15667
0	1.16
0	1.16333
