0	0
0	0.00333333
0	0.00666666
0	0.00999999
0	0.0133333
0	0.0166667
0	0.02
0	0.0233333
0	0.0266666
0	0.03
0	0.0333333
0	0.0366666
0	0.04
0	0.0433333
0	0.0466666
0	0.05
0	0.0533333
0	0.0566666
0	0.0599999
0	0.0633333
0	0.0666666
0	0.0699999
0	0.0733333
0	0.0766666
0	0.0799999
0	0.0833333
0	0.0866666
0	0.0899999
0	0.0933332
0	0.0966666
0	0.0999999
306	0.103333
316	0.106667
323	0.11
328	0.113333
334	0.116667
340	0.12
344	0.123333
348	0.126667
352	0.13
355	0.133333
359	0.136667
363	0.14
367	0.143333
371	0.146667
375	0.15
378	0.153333
381	0.156667
382	0.16
384	0.163333
386	0.166666
388	0.17
390	0.173333
392	0.176666
393	0.18
395	0.183333
397	0.186666
399	0.19
401	0.193333
403	0.196666
404	0.2
406	0.203333
408	0.206666
410	0.21
412	0.213333
414	0.216666
415	0.22
417	0.223333
419	0.226666
421	0.23
423	0.233333
425	0.236666
426	0.24
428	0.243333
430	0.246666
432	0.25
434	0.253333
436	0.256666
437	0.26
438	0.263333
436	0.266666
435	0.27
434	0.273333
433	0.276666
432	0.28
431	0.283333
430	0.286666
428	0.29
427	0.293333
426	0.296666
425	0.3
424	0.303333
423	0.306666
422	0.31
420	0.313333
419	0.316666
418	0.32
417	0.323333
416	0.326666
415	0.33
413	0.333333
413	0.336666
414	0.34
414	0.343333
414	0.346666
415	0.35
415	0.353333
415	0.356666
416	0.36
416	0.363333
416	0.366666
417	0.37
417	0.373333
417	0.376666
417	0.38
418	0.383333
418	0.386666
418	0.39
419	0.393333
419	0.396666
419	0.4
420	0.403333
420	0.406666
420	0.41
420	0.413333
421	0.416666
421	0.42
421	0.423333
422	0.426666
422	0.43
422	0.433333
423	0.436666
423	0.44
423	0.443333
424	0.446666
424	0.45
424	0.453333
424	0.456666
425	0.46
425	0.463333
425	0.466666
426	0.47
426	0.473333
426	0.476666
427	0.48
427	0.483333
427	0.486666
427	0.49
428	0.493333
428	0.496666
428	0.499999
429	0.503333
429	0.506666
429	0.509999
430	0.513333
430	0.516666
430	0.519999
431	0.523333
431	0.526666
431	0.529999
431	0.533333
432	0.536666
432	0.539999
432	0.543333
433	0.546666
433	0.549999
433	0.553333
434	0.556666
434	0.559999
434	0.563333
434	0.566666
435	0.569999
435	0.573333
435	0.576666
436	0.579999
436	0.583333
436	0.586666
436	0.589999
437	0.593333
437	0.596666
437	0.599999
438	0.603333
438	0.606666
438	0.609999
438	0.613333
439	0.616666
439	0.619999
439	0.623333
440	0.626666
440	0.629999
440	0.633333
440	0.636666
441	0.639999
441	0.643333
441	0.646666
442	0.649999
442	0.653333
442	0.656666
442	0.659999
443	0.663333
443	0.666666
443	0.669999
444	0.673333
444	0.676666
444	0.679999
444	0.683333
445	0.686666
445	0.689999
445	0.693333
446	0.696666
446	0.699999
446	0.703333
446	0.706666
447	0.709999
447	0.713333
447	0.716666
448	0.719999
448	0.723333
448	0.726666
449	0.729999
449	0.733333
449	0.736666
449	0.739999
450	0.743333
450	0.746666
450	0.749999
449	0.753333
448	0.756666
447	0.759999
445	0.763333
444	0.766666
443	0.769999
442	0.773333
440	0.776666
439	0.779999
438	0.783333
437	0.786666
436	0.789999
434	0.793333
433	0.796666
432	0.799999
431	0.803333
429	0.806666
428	0.809999
427	0.813333
426	0.816666
425	0.819999
423	0.823333
422	0.826666
421	0.829999
420	0.833333
418	0.836666
417	0.839999
416	0.843332
415	0.846666
414	0.849999
412	0.853332
411	0.856666
410	0.859999
409	0.863332
407	0.866666
406	0.869999
405	0.873332
404	0.876666
402	0.879999
401	0.883332
400	0.886666
399	0.889999
398	0.893332
396	0.896666
395	0.899999
394	0.903332
393	0.906666
391	0.909999
390	0.913332
388	0.916666
386	0.919999
383	0.923332
381	0.926666
378	0.929999
376	0.933332
374	0.936666
371	0.939999
369	0.943332
367	0.946666
364	0.949999
362	0.953332
359	0.956666
357	0.959999
354	0.963332
350	0.966666
346	0.969999
342	0.973332
338	0.976666
334	0.979999
330	0.983332
326	0.986666
319	0.989999
312	0.993332
305	0.996666
0	0.999999
0	1.00333
0	1.00667
0	1.01
0	1.01333
0	1.01667
0	1.02
0	1.02333
0	1.02667
0	1.03
0	1.03333
0	1.03667
0	1.04
0	1.04333
0	1.04667
0	1.05
0	1.05333
0	1.05667
0	1.06
0	1.06333
0	1.06667
0	1.07
0	1.07333
0	1.07667
0	1.08
0	1.08333
0	1.08667
0	1.09
0	1.09333
0	1.09667
0	1.1
0	1.10333
0	1.10667
0	1.11
0	1.11333
0	1.11667
0	1.12
0	1.12333
0	1.12667
0	1.13
0	1.13333
0	1.13667
0	1.14
0	1.14333
0	1.14667
0	1.15
0	1.15333
0	1.15667
0	1.16
0	1.16333
