0	0
0	0.00333333
0	0.00666666
0	0.00999999
0	0.0133333
0	0.0166667
0	0.02
0	0.0233333
0	0.0266666
0	0.03
0	0.0333333
0	0.0366666
0	0.04
0	0.0433333
0	0.0466666
0	0.05
0	0.0533333
0	0.0566666
0	0.0599999
0	0.0633333
0	0.0666666
0	0.0699999
0	0.0733333
0	0.0766666
0	0.0799999
0	0.0833333
0	0.0866666
0	0.0899999
0	0.0933332
0	0.0966666
0	0.0999999
306	0.103333
316	0.106667
321	0.11
327	0.113333
333	0.116667
336	0.12
340	0.123333
344	0.126667
348	0.13
352	0.133333
356	0.136667
359	0.14
363	0.143333
364	0.146667
366	0.15
368	0.153333
370	0.156667
372	0.16
374	0.163333
376	0.166666
378	0.17
380	0.173333
382	0.176666
384	0.18
386	0.183333
387	0.186666
389	0.19
391	0.193333
393	0.196666
395	0.2
397	0.203333
399	0.206666
401	0.21
403	0.213333
405	0.216666
407	0.22
408	0.223333
410	0.226666
412	0.23
414	0.233333
414	0.236666
413	0.24
412	0.243333
411	0.246666
411	0.25
410	0.253333
409	0.256666
408	0.26
407	0.263333
406	0.266666
405	0.27
404	0.273333
403	0.276666
402	0.28
401	0.283333
401	0.286666
400	0.29
399	0.293333
398	0.296666
397	0.3
396	0.303333
395	0.306666
394	0.31
393	0.313333
392	0.316666
392	0.32
391	0.323333
390	0.326666
389	0.33
388	0.333333
388	0.336666
388	0.34
388	0.343333
388	0.346666
388	0.35
389	0.353333
389	0.356666
389	0.36
389	0.363333
389	0.366666
389	0.37
390	0.373333
390	0.376666
390	0.38
390	0.383333
390	0.386666
390	0.39
391	0.393333
391	0.396666
391	0.4
391	0.403333
391	0.406666
391	0.41
392	0.413333
392	0.416666
392	0.42
392	0.423333
392	0.426666
392	0.43
392	0.433333
393	0.436666
393	0.44
393	0.443333
393	0.446666
393	0.45
393	0.453333
394	0.456666
394	0.46
394	0.463333
394	0.466666
394	0.47
394	0.473333
395	0.476666
395	0.48
395	0.483333
395	0.486666
395	0.49
395	0.493333
396	0.496666
396	0.499999
396	0.503333
396	0.506666
396	0.509999
397	0.513333
397	0.516666
397	0.519999
397	0.523333
397	0.526666
398	0.529999
398	0.533333
398	0.536666
398	0.539999
398	0.543333
399	0.546666
399	0.549999
399	0.553333
399	0.556666
399	0.559999
400	0.563333
400	0.566666
400	0.569999
400	0.573333
400	0.576666
401	0.579999
401	0.583333
401	0.586666
401	0.589999
401	0.593333
402	0.596666
402	0.599999
402	0.603333
402	0.606666
402	0.609999
403	0.613333
403	0.616666
403	0.619999
403	0.623333
403	0.626666
404	0.629999
404	0.633333
404	0.636666
404	0.639999
404	0.643333
405	0.646666
405	0.649999
405	0.653333
405	0.656666
405	0.659999
406	0.663333
406	0.666666
406	0.669999
406	0.673333
406	0.676666
407	0.679999
407	0.683333
407	0.686666
407	0.689999
407	0.693333
408	0.696666
408	0.699999
408	0.703333
408	0.706666
408	0.709999
409	0.713333
409	0.716666
409	0.719999
409	0.723333
409	0.726666
410	0.729999
410	0.733333
410	0.736666
410	0.739999
410	0.743333
411	0.746666
411	0.749999
411	0.753333
411	0.756666
411	0.759999
412	0.763333
412	0.766666
412	0.769999
412	0.773333
412	0.776666
413	0.779999
413	0.783333
413	0.786666
413	0.789999
413	0.793333
414	0.796666
414	0.799999
414	0.803333
414	0.806666
414	0.809999
413	0.813333
412	0.816666
411	0.819999
409	0.823333
408	0.826666
407	0.829999
406	0.833333
405	0.836666
404	0.839999
402	0.843332
401	0.846666
400	0.849999
399	0.853332
398	0.856666
396	0.859999
395	0.863332
394	0.866666
393	0.869999
392	0.873332
390	0.876666
389	0.879999
388	0.883332
387	0.886666
386	0.889999
384	0.893332
383	0.896666
382	0.899999
381	0.903332
380	0.906666
379	0.909999
377	0.913332
376	0.916666
375	0.919999
374	0.923332
373	0.926666
371	0.929999
370	0.933332
368	0.936666
365	0.939999
363	0.943332
361	0.946666
358	0.949999
356	0.953332
354	0.956666
351	0.959999
349	0.963332
347	0.966666
344	0.969999
340	0.973332
336	0.976666
332	0.979999
328	0.983332
324	0.986666
319	0.989999
312	0.993332
305	0.996666
0	0.999999
0	1.00333
0	1.00667
0	1.01
0	1.01333
0	1.01667
0	1.02
0	1.02333
0	1.02667
0	1.03
0	1.03333
0	1.03667
0	1.04
0	1.04333
0	1.04667
0	1.05
0	1.05333
0	1.05667
0	1.06
0	1.06333
0	1.06667
0	1.07
0	1.07333
0	1.07667
0	1.08
0	1.08333
0	1.08667
0	1.09
0	1.09333
0	1.09667
0	1.1
0	1.10333
0	1.10667
0	1.11
0	1.11333
0	1.11667
0	1.12
0	1.12333
0	1.12667
0	1.13
0	1.13333
0	1.13667
0	1.14
0	1.14333
0	1.14667
0	1.15
0	1.15333
0	1.15667
0	1.16
0	1.16333
