0	0
0	0.00333333
0	0.00666666
0	0.00999999
0	0.0133333
0	0.0166667
0	0.02
0	0.0233333
0	0.0266666
0	0.03
0	0.0333333
0	0.0366666
0	0.04
0	0.0433333
0	0.0466666
0	0.05
0	0.0533333
0	0.0566666
0	0.0599999
0	0.0633333
0	0.0666666
0	0.0699999
0	0.0733333
0	0.0766666
0	0.0799999
0	0.0833333
0	0.0866666
0	0.0899999
0	0.0933332
0	0.0966666
0	0.0999999
306	0.103333
316	0.106667
321	0.11
326	0.113333
330	0.116667
334	0.12
337	0.123333
341	0.126667
345	0.13
349	0.133333
348	0.136667
347	0.14
347	0.143333
346	0.146667
345	0.15
344	0.153333
343	0.156667
342	0.16
341	0.163333
340	0.166666
339	0.17
338	0.173333
338	0.176666
337	0.18
336	0.183333
335	0.186666
334	0.19
333	0.193333
332	0.196666
331	0.2
330	0.203333
329	0.206666
329	0.21
328	0.213333
327	0.216666
326	0.22
325	0.223333
324	0.226666
323	0.23
322	0.233333
321	0.236666
320	0.24
319	0.243333
319	0.246666
318	0.25
317	0.253333
316	0.256666
315	0.26
314	0.263333
313	0.266666
312	0.27
311	0.273333
310	0.276666
310	0.28
309	0.283333
308	0.286666
307	0.29
306	0.293333
305	0.296666
304	0.3
303	0.303333
302	0.306666
301	0.31
301	0.313333
301	0.316666
301	0.32
301	0.323333
301	0.326666
301	0.33
301	0.333333
301	0.336666
301	0.34
301	0.343333
301	0.346666
301	0.35
301	0.353333
301	0.356666
301	0.36
301	0.363333
301	0.366666
301	0.37
301	0.373333
301	0.376666
301	0.38
301	0.383333
301	0.386666
301	0.39
301	0.393333
301	0.396666
301	0.4
301	0.403333
301	0.406666
301	0.41
301	0.413333
301	0.416666
301	0.42
301	0.423333
301	0.426666
301	0.43
301	0.433333
301	0.436666
302	0.44
303	0.443333
304	0.446666
305	0.45
307	0.453333
308	0.456666
309	0.46
310	0.463333
311	0.466666
312	0.47
313	0.473333
315	0.476666
316	0.48
317	0.483333
318	0.486666
319	0.49
320	0.493333
321	0.496666
323	0.499999
324	0.503333
325	0.506666
326	0.509999
327	0.513333
328	0.516666
329	0.519999
331	0.523333
332	0.526666
333	0.529999
334	0.533333
335	0.536666
336	0.539999
337	0.543333
339	0.546666
340	0.549999
341	0.553333
342	0.556666
343	0.559999
344	0.563333
345	0.566666
347	0.569999
348	0.573333
349	0.576666
350	0.579999
351	0.583333
352	0.586666
353	0.589999
355	0.593333
356	0.596666
357	0.599999
358	0.603333
359	0.606666
360	0.609999
361	0.613333
363	0.616666
364	0.619999
365	0.623333
366	0.626666
367	0.629999
368	0.633333
369	0.636666
371	0.639999
372	0.643333
373	0.646666
374	0.649999
375	0.653333
376	0.656666
377	0.659999
379	0.663333
380	0.666666
381	0.669999
382	0.673333
383	0.676666
384	0.679999
385	0.683333
387	0.686666
388	0.689999
389	0.693333
390	0.696666
391	0.699999
392	0.703333
393	0.706666
395	0.709999
396	0.713333
397	0.716666
398	0.719999
399	0.723333
400	0.726666
401	0.729999
403	0.733333
404	0.736666
405	0.739999
406	0.743333
407	0.746666
408	0.749999
409	0.753333
411	0.756666
412	0.759999
413	0.763333
414	0.766666
415	0.769999
416	0.773333
417	0.776666
419	0.779999
420	0.783333
421	0.786666
422	0.789999
423	0.793333
423	0.796666
422	0.799999
420	0.803333
419	0.806666
418	0.809999
417	0.813333
416	0.816666
414	0.819999
413	0.823333
412	0.826666
411	0.829999
410	0.833333
409	0.836666
407	0.839999
406	0.843332
405	0.846666
404	0.849999
403	0.853332
401	0.856666
400	0.859999
399	0.863332
398	0.866666
397	0.869999
396	0.873332
394	0.876666
393	0.879999
392	0.883332
391	0.886666
390	0.889999
388	0.893332
387	0.896666
386	0.899999
385	0.903332
384	0.906666
382	0.909999
381	0.913332
380	0.916666
379	0.919999
378	0.923332
376	0.926666
374	0.929999
372	0.933332
370	0.936666
367	0.939999
365	0.943332
363	0.946666
360	0.949999
358	0.953332
356	0.956666
353	0.959999
351	0.963332
349	0.966666
345	0.969999
341	0.973332
338	0.976666
334	0.979999
330	0.983332
326	0.986666
319	0.989999
312	0.993332
305	0.996666
0	0.999999
0	1.00333
0	1.00667
0	1.01
0	1.01333
0	1.01667
0	1.02
0	1.02333
0	1.02667
0	1.03
0	1.03333
0	1.03667
0	1.04
0	1.04333
0	1.04667
0	1.05
0	1.05333
0	1.05667
0	1.06
0	1.06333
0	1.06667
0	1.07
0	1.07333
0	1.07667
0	1.08
0	1.08333
0	1.08667
0	1.09
0	1.09333
0	1.09667
0	1.1
0	1.10333
0	1.10667
0	1.11
0	1.11333
0	1.11667
0	1.12
0	1.12333
0	1.12667
0	1.13
0	1.13333
0	1.13667
0	1.14
0	1.14333
0	1.14667
0	1.15
0	1.15333
0	1.15667
0	1.16
0	1.16333
