0	0
0	0.00333333
0	0.00666666
0	0.00999999
0	0.0133333
0	0.0166667
0	0.02
0	0.0233333
0	0.0266666
0	0.03
0	0.0333333
0	0.0366666
0	0.04
0	0.0433333
0	0.0466666
0	0.05
0	0.0533333
0	0.0566666
0	0.0599999
0	0.0633333
0	0.0666666
0	0.0699999
0	0.0733333
0	0.0766666
0	0.0799999
0	0.0833333
0	0.0866666
0	0.0899999
0	0.0933332
0	0.0966666
0	0.0999999
306	0.103333
316	0.106667
326	0.11
333	0.113333
339	0.116667
346	0.12
352	0.123333
358	0.126667
364	0.13
370	0.133333
376	0.136667
380	0.14
384	0.143333
388	0.146667
392	0.15
396	0.153333
399	0.156667
403	0.16
407	0.163333
411	0.166666
415	0.17
419	0.173333
423	0.176666
427	0.18
431	0.183333
435	0.186666
439	0.19
442	0.193333
446	0.196666
450	0.2
454	0.203333
457	0.206666
459	0.21
461	0.213333
464	0.216666
466	0.22
468	0.223333
471	0.226666
473	0.23
475	0.233333
478	0.236666
480	0.24
482	0.243333
484	0.246666
487	0.25
489	0.253333
491	0.256666
494	0.26
496	0.263333
498	0.266666
500	0.27
503	0.273333
505	0.276666
507	0.28
510	0.283333
512	0.286666
514	0.29
516	0.293333
519	0.296666
521	0.3
523	0.303333
526	0.306666
528	0.31
530	0.313333
532	0.316666
535	0.32
537	0.323333
539	0.326666
542	0.33
544	0.333333
545	0.336666
545	0.34
545	0.343333
545	0.346666
545	0.35
545	0.353333
546	0.356666
546	0.36
546	0.363333
546	0.366666
546	0.37
546	0.373333
547	0.376666
547	0.38
547	0.383333
547	0.386666
547	0.39
547	0.393333
547	0.396666
548	0.4
548	0.403333
548	0.406666
548	0.41
548	0.413333
548	0.416666
549	0.42
549	0.423333
549	0.426666
549	0.43
549	0.433333
549	0.436666
550	0.44
550	0.443333
550	0.446666
550	0.45
550	0.453333
550	0.456666
551	0.46
551	0.463333
551	0.466666
551	0.47
551	0.473333
551	0.476666
552	0.48
552	0.483333
552	0.486666
552	0.49
552	0.493333
552	0.496666
553	0.499999
553	0.503333
553	0.506666
553	0.509999
553	0.513333
553	0.516666
554	0.519999
554	0.523333
554	0.526666
554	0.529999
554	0.533333
554	0.536666
554	0.539999
555	0.543333
555	0.546666
558	0.549999
561	0.553333
563	0.556666
566	0.559999
569	0.563333
572	0.566666
574	0.569999
577	0.573333
580	0.576666
582	0.579999
585	0.583333
588	0.586666
591	0.589999
593	0.593333
596	0.596666
599	0.599999
602	0.603333
604	0.606666
607	0.609999
610	0.613333
612	0.616666
615	0.619999
618	0.623333
621	0.626666
623	0.629999
626	0.633333
629	0.636666
632	0.639999
634	0.643333
637	0.646666
640	0.649999
642	0.653333
645	0.656666
648	0.659999
650	0.663333
651	0.666666
649	0.669999
646	0.673333
644	0.676666
641	0.679999
638	0.683333
636	0.686666
633	0.689999
630	0.693333
628	0.696666
625	0.699999
622	0.703333
620	0.706666
617	0.709999
615	0.713333
612	0.716666
609	0.719999
607	0.723333
604	0.726666
601	0.729999
599	0.733333
596	0.736666
594	0.739999
591	0.743333
588	0.746666
586	0.749999
583	0.753333
580	0.756666
578	0.759999
575	0.763333
573	0.766666
570	0.769999
567	0.773333
565	0.776666
562	0.779999
559	0.783333
557	0.786666
554	0.789999
551	0.793333
549	0.796666
546	0.799999
544	0.803333
541	0.806666
538	0.809999
536	0.813333
533	0.816666
530	0.819999
528	0.823333
525	0.826666
523	0.829999
520	0.833333
517	0.836666
515	0.839999
512	0.843332
509	0.846666
507	0.849999
504	0.853332
502	0.856666
499	0.859999
496	0.863332
494	0.866666
491	0.869999
488	0.873332
485	0.876666
480	0.879999
476	0.883332
472	0.886666
468	0.889999
463	0.893332
459	0.896666
455	0.899999
450	0.903332
446	0.906666
442	0.909999
437	0.913332
433	0.916666
429	0.919999
425	0.923332
420	0.926666
416	0.929999
412	0.933332
407	0.936666
403	0.939999
399	0.943332
394	0.946666
390	0.949999
386	0.953332
382	0.956666
377	0.959999
373	0.963332
368	0.966666
361	0.969999
354	0.973332
347	0.976666
340	0.979999
333	0.983332
326	0.986666
319	0.989999
312	0.993332
305	0.996666
0	0.999999
0	1.00333
0	1.00667
0	1.01
0	1.01333
0	1.01667
0	1.02
0	1.02333
0	1.02667
0	1.03
0	1.03333
0	1.03667
0	1.04
0	1.04333
0	1.04667
0	1.05
0	1.05333
0	1.05667
0	1.06
0	1.06333
0	1.06667
0	1.07
0	1.07333
0	1.07667
0	1.08
0	1.08333
0	1.08667
0	1.09
0	1.09333
0	1.09667
0	1.1
0	1.10333
0	1.10667
0	1.11
0	1.11333
0	1.11667
0	1.12
0	1.12333
0	1.12667
0	1.13
0	1.13333
0	1.13667
0	1.14
0	1.14333
0	1.14667
0	1.15
0	1.15333
0	1.15667
0	1.16
0	1.16333
