0	0
0	0.00333333
0	0.00666666
0	0.00999999
0	0.0133333
0	0.0166667
0	0.02
0	0.0233333
0	0.0266666
0	0.03
0	0.0333333
0	0.0366666
0	0.04
0	0.0433333
0	0.0466666
0	0.05
0	0.0533333
0	0.0566666
0	0.0599999
0	0.0633333
0	0.0666666
0	0.0699999
0	0.0733333
0	0.0766666
0	0.0799999
0	0.0833333
0	0.0866666
0	0.0899999
0	0.0933332
0	0.0966666
0	0.0999999
306	0.103333
316	0.106667
326	0.11
336	0.113333
346	0.116667
355	0.12
361	0.123333
367	0.126667
373	0.13
378	0.133333
384	0.136667
390	0.14
396	0.143333
401	0.146667
407	0.15
413	0.153333
418	0.156667
422	0.16
426	0.163333
429	0.166666
433	0.17
437	0.173333
441	0.176666
445	0.18
449	0.183333
452	0.186666
456	0.19
460	0.193333
464	0.196666
468	0.2
471	0.203333
475	0.206666
479	0.21
483	0.213333
487	0.216666
491	0.22
494	0.223333
498	0.226666
502	0.23
506	0.233333
510	0.236666
514	0.24
517	0.243333
521	0.246666
525	0.25
528	0.253333
530	0.256666
531	0.26
533	0.263333
534	0.266666
536	0.27
537	0.273333
539	0.276666
540	0.28
542	0.283333
543	0.286666
545	0.29
546	0.293333
548	0.296666
549	0.3
551	0.303333
552	0.306666
554	0.31
555	0.313333
557	0.316666
558	0.32
560	0.323333
561	0.326666
563	0.33
564	0.333333
565	0.336666
565	0.34
566	0.343333
566	0.346666
567	0.35
567	0.353333
567	0.356666
568	0.36
568	0.363333
569	0.366666
569	0.37
570	0.373333
570	0.376666
571	0.38
571	0.383333
572	0.386666
572	0.39
572	0.393333
573	0.396666
573	0.4
574	0.403333
574	0.406666
575	0.41
575	0.413333
576	0.416666
576	0.42
576	0.423333
577	0.426666
577	0.43
578	0.433333
578	0.436666
579	0.44
579	0.443333
580	0.446666
580	0.45
580	0.453333
581	0.456666
581	0.46
582	0.463333
582	0.466666
583	0.47
583	0.473333
584	0.476666
584	0.48
586	0.483333
587	0.486666
589	0.49
591	0.493333
593	0.496666
595	0.499999
597	0.503333
599	0.506666
601	0.509999
603	0.513333
604	0.516666
606	0.519999
608	0.523333
610	0.526666
612	0.529999
614	0.533333
616	0.536666
618	0.539999
620	0.543333
622	0.546666
623	0.549999
625	0.553333
627	0.556666
629	0.559999
631	0.563333
633	0.566666
635	0.569999
637	0.573333
639	0.576666
640	0.579999
642	0.583333
644	0.586666
646	0.589999
648	0.593333
650	0.596666
651	0.599999
652	0.603333
653	0.606666
654	0.609999
654	0.613333
655	0.616666
656	0.619999
657	0.623333
658	0.626666
659	0.629999
659	0.633333
660	0.636666
661	0.639999
662	0.643333
663	0.646666
664	0.649999
664	0.653333
665	0.656666
666	0.659999
667	0.663333
667	0.666666
665	0.669999
662	0.673333
660	0.676666
658	0.679999
655	0.683333
653	0.686666
650	0.689999
648	0.693333
645	0.696666
643	0.699999
640	0.703333
638	0.706666
635	0.709999
633	0.713333
630	0.716666
628	0.719999
626	0.723333
623	0.726666
621	0.729999
618	0.733333
616	0.736666
613	0.739999
611	0.743333
608	0.746666
606	0.749999
603	0.753333
601	0.756666
598	0.759999
596	0.763333
594	0.766666
591	0.769999
589	0.773333
586	0.776666
584	0.779999
581	0.783333
579	0.786666
576	0.789999
574	0.793333
571	0.796666
569	0.799999
566	0.803333
564	0.806666
562	0.809999
559	0.813333
557	0.816666
554	0.819999
552	0.823333
549	0.826666
547	0.829999
544	0.833333
542	0.836666
539	0.839999
535	0.843332
531	0.846666
528	0.849999
524	0.853332
520	0.856666
516	0.859999
512	0.863332
508	0.866666
504	0.869999
500	0.873332
496	0.876666
492	0.879999
488	0.883332
484	0.886666
480	0.889999
476	0.893332
472	0.896666
468	0.899999
464	0.903332
460	0.906666
456	0.909999
453	0.913332
449	0.916666
445	0.919999
441	0.923332
437	0.926666
433	0.929999
429	0.933332
425	0.936666
421	0.939999
417	0.943332
410	0.946666
403	0.949999
396	0.953332
389	0.956666
382	0.959999
375	0.963332
368	0.966666
361	0.969999
354	0.973332
347	0.976666
340	0.979999
333	0.983332
326	0.986666
319	0.989999
312	0.993332
305	0.996666
0	0.999999
0	1.00333
0	1.00667
0	1.01
0	1.01333
0	1.01667
0	1.02
0	1.02333
0	1.02667
0	1.03
0	1.03333
0	1.03667
0	1.04
0	1.04333
0	1.04667
0	1.05
0	1.05333
0	1.05667
0	1.06
0	1.06333
0	1.06667
0	1.07
0	1.07333
0	1.07667
0	1.08
0	1.08333
0	1.08667
0	1.09
0	1.09333
0	1.09667
0	1.1
0	1.10333
0	1.10667
0	1.11
0	1.11333
0	1.11667
0	1.12
0	1.12333
0	1.12667
0	1.13
0	1.13333
0	1.13667
0	1.14
0	1.14333
0	1.14667
0	1.15
0	1.15333
0	1.15667
0	1.16
0	1.16333
