0	0
0	0.00333333
0	0.00666666
0	0.00999999
0	0.0133333
0	0.0166667
0	0.02
0	0.0233333
0	0.0266666
0	0.03
0	0.0333333
0	0.0366666
0	0.04
0	0.0433333
0	0.0466666
0	0.05
0	0.0533333
0	0.0566666
0	0.0599999
0	0.0633333
0	0.0666666
0	0.0699999
0	0.0733333
0	0.0766666
0	0.0799999
0	0.0833333
0	0.0866666
0	0.0899999
0	0.0933332
0	0.0966666
0	0.0999999
306	0.103333
312	0.106667
318	0.11
322	0.113333
326	0.116667
329	0.12
333	0.123333
336	0.126667
339	0.13
341	0.133333
344	0.136667
347	0.14
350	0.143333
353	0.146667
355	0.15
358	0.153333
361	0.156667
364	0.16
367	0.163333
369	0.166666
372	0.17
375	0.173333
378	0.176666
380	0.18
383	0.183333
386	0.186666
389	0.19
392	0.193333
394	0.196666
397	0.2
400	0.203333
403	0.206666
406	0.21
408	0.213333
411	0.216666
414	0.22
417	0.223333
420	0.226666
422	0.23
425	0.233333
428	0.236666
431	0.24
434	0.243333
436	0.246666
439	0.25
442	0.253333
445	0.256666
448	0.26
450	0.263333
453	0.266666
456	0.27
459	0.273333
461	0.276666
464	0.28
467	0.283333
470	0.286666
473	0.29
475	0.293333
478	0.296666
481	0.3
484	0.303333
487	0.306666
489	0.31
492	0.313333
495	0.316666
498	0.32
501	0.323333
503	0.326666
506	0.33
509	0.333333
510	0.336666
510	0.34
510	0.343333
510	0.346666
510	0.35
510	0.353333
510	0.356666
510	0.36
510	0.363333
510	0.366666
510	0.37
511	0.373333
511	0.376666
511	0.38
511	0.383333
511	0.386666
511	0.39
511	0.393333
511	0.396666
511	0.4
511	0.403333
511	0.406666
511	0.41
512	0.413333
512	0.416666
512	0.42
512	0.423333
512	0.426666
512	0.43
512	0.433333
512	0.436666
512	0.44
512	0.443333
512	0.446666
512	0.45
513	0.453333
513	0.456666
513	0.46
513	0.463333
513	0.466666
513	0.47
513	0.473333
513	0.476666
513	0.48
513	0.483333
513	0.486666
513	0.49
514	0.493333
514	0.496666
514	0.499999
514	0.503333
514	0.506666
514	0.509999
514	0.513333
514	0.516666
514	0.519999
514	0.523333
514	0.526666
514	0.529999
514	0.533333
515	0.536666
515	0.539999
515	0.543333
515	0.546666
515	0.549999
515	0.553333
515	0.556666
515	0.559999
515	0.563333
515	0.566666
515	0.569999
515	0.573333
516	0.576666
516	0.579999
516	0.583333
516	0.586666
516	0.589999
516	0.593333
516	0.596666
516	0.599999
516	0.603333
516	0.606666
516	0.609999
516	0.613333
517	0.616666
517	0.619999
517	0.623333
517	0.626666
517	0.629999
519	0.633333
521	0.636666
524	0.639999
526	0.643333
528	0.646666
531	0.649999
533	0.653333
535	0.656666
537	0.659999
540	0.663333
542	0.666666
540	0.669999
539	0.673333
537	0.676666
536	0.679999
535	0.683333
533	0.686666
532	0.689999
530	0.693333
529	0.696666
527	0.699999
526	0.703333
524	0.706666
523	0.709999
522	0.713333
520	0.716666
519	0.719999
517	0.723333
516	0.726666
514	0.729999
513	0.733333
511	0.736666
510	0.739999
509	0.743333
507	0.746666
506	0.749999
504	0.753333
503	0.756666
501	0.759999
500	0.763333
498	0.766666
497	0.769999
496	0.773333
494	0.776666
493	0.779999
491	0.783333
490	0.786666
488	0.789999
487	0.793333
485	0.796666
484	0.799999
483	0.803333
481	0.806666
480	0.809999
478	0.813333
477	0.816666
475	0.819999
474	0.823333
472	0.826666
471	0.829999
469	0.833333
468	0.836666
467	0.839999
465	0.843332
462	0.846666
459	0.849999
457	0.853332
454	0.856666
451	0.859999
449	0.863332
446	0.866666
443	0.869999
441	0.873332
438	0.876666
435	0.879999
433	0.883332
430	0.886666
428	0.889999
425	0.893332
422	0.896666
420	0.899999
417	0.903332
414	0.906666
412	0.909999
409	0.913332
406	0.916666
404	0.919999
401	0.923332
398	0.926666
396	0.929999
393	0.933332
390	0.936666
388	0.939999
384	0.943332
380	0.946666
376	0.949999
371	0.953332
367	0.956666
363	0.959999
359	0.963332
354	0.966666
350	0.969999
346	0.973332
341	0.976666
337	0.979999
333	0.983332
326	0.986666
319	0.989999
312	0.993332
305	0.996666
0	0.999999
0	1.00333
0	1.00667
0	1.01
0	1.01333
0	1.01667
0	1.02
0	1.02333
0	1.02667
0	1.03
0	1.03333
0	1.03667
0	1.04
0	1.04333
0	1.04667
0	1.05
0	1.05333
0	1.05667
0	1.06
0	1.06333
0	1.06667
0	1.07
0	1.07333
0	1.07667
0	1.08
0	1.08333
0	1.08667
0	1.09
0	1.09333
0	1.09667
0	1.1
0	1.10333
0	1.10667
0	1.11
0	1.11333
0	1.11667
0	1.12
0	1.12333
0	1.12667
0	1.13
0	1.13333
0	1.13667
0	1.14
0	1.14333
0	1.14667
0	1.15
0	1.15333
0	1.15667
0	1.16
0	1.16333
