0	0
0	0.00333333
0	0.00666666
0	0.00999999
0	0.0133333
0	0.0166667
0	0.02
0	0.0233333
0	0.0266666
0	0.03
0	0.0333333
0	0.0366666
0	0.04
0	0.0433333
0	0.0466666
0	0.05
0	0.0533333
0	0.0566666
0	0.0599999
0	0.0633333
0	0.0666666
0	0.0699999
0	0.0733333
0	0.0766666
0	0.0799999
0	0.0833333
0	0.0866666
0	0.0899999
0	0.0933332
0	0.0966666
0	0.0999999
305	0.103333
308	0.106667
309	0.11
310	0.113333
310	0.116667
310	0.12
310	0.123333
310	0.126667
310	0.13
310	0.133333
310	0.136667
310	0.14
310	0.143333
310	0.146667
310	0.15
310	0.153333
310	0.156667
310	0.16
310	0.163333
310	0.166666
310	0.17
310	0.173333
310	0.176666
310	0.18
310	0.183333
310	0.186666
310	0.19
311	0.193333
311	0.196666
311	0.2
311	0.203333
311	0.206666
311	0.21
311	0.213333
311	0.216666
311	0.22
311	0.223333
311	0.226666
311	0.23
311	0.233333
311	0.236666
311	0.24
311	0.243333
311	0.246666
311	0.25
311	0.253333
311	0.256666
311	0.26
311	0.263333
311	0.266666
311	0.27
311	0.273333
311	0.276666
311	0.28
311	0.283333
311	0.286666
311	0.29
311	0.293333
311	0.296666
311	0.3
311	0.303333
311	0.306666
311	0.31
311	0.313333
312	0.316666
312	0.32
312	0.323333
312	0.326666
312	0.33
312	0.333333
312	0.336666
313	0.34
313	0.343333
314	0.346666
315	0.35
315	0.353333
316	0.356666
317	0.36
317	0.363333
317	0.366666
317	0.37
317	0.373333
317	0.376666
317	0.38
317	0.383333
316	0.386666
316	0.39
316	0.393333
316	0.396666
316	0.4
316	0.403333
316	0.406666
316	0.41
316	0.413333
316	0.416666
316	0.42
316	0.423333
316	0.426666
316	0.43
316	0.433333
316	0.436666
316	0.44
316	0.443333
316	0.446666
315	0.45
315	0.453333
315	0.456666
315	0.46
315	0.463333
315	0.466666
315	0.47
315	0.473333
315	0.476666
315	0.48
315	0.483333
315	0.486666
315	0.49
315	0.493333
315	0.496666
315	0.499999
315	0.503333
315	0.506666
315	0.509999
314	0.513333
314	0.516666
314	0.519999
314	0.523333
314	0.526666
314	0.529999
314	0.533333
314	0.536666
314	0.539999
314	0.543333
314	0.546666
314	0.549999
314	0.553333
314	0.556666
314	0.559999
314	0.563333
314	0.566666
314	0.569999
314	0.573333
313	0.576666
313	0.579999
313	0.583333
313	0.586666
313	0.589999
313	0.593333
313	0.596666
313	0.599999
313	0.603333
313	0.606666
313	0.609999
313	0.613333
313	0.616666
313	0.619999
313	0.623333
313	0.626666
313	0.629999
313	0.633333
313	0.636666
312	0.639999
312	0.643333
312	0.646666
312	0.649999
312	0.653333
312	0.656666
312	0.659999
312	0.663333
312	0.666666
312	0.669999
312	0.673333
312	0.676666
312	0.679999
312	0.683333
312	0.686666
312	0.689999
312	0.693333
312	0.696666
312	0.699999
311	0.703333
311	0.706666
311	0.709999
311	0.713333
311	0.716666
311	0.719999
311	0.723333
311	0.726666
311	0.729999
311	0.733333
311	0.736666
311	0.739999
311	0.743333
311	0.746666
311	0.749999
311	0.753333
311	0.756666
311	0.759999
311	0.763333
310	0.766666
310	0.769999
310	0.773333
310	0.776666
310	0.779999
310	0.783333
310	0.786666
310	0.789999
310	0.793333
310	0.796666
310	0.799999
310	0.803333
310	0.806666
310	0.809999
310	0.813333
310	0.816666
310	0.819999
310	0.823333
310	0.826666
309	0.829999
309	0.833333
309	0.836666
309	0.839999
309	0.843332
309	0.846666
309	0.849999
309	0.853332
309	0.856666
309	0.859999
309	0.863332
309	0.866666
309	0.869999
309	0.873332
309	0.876666
309	0.879999
309	0.883332
309	0.886666
309	0.889999
308	0.893332
308	0.896666
308	0.899999
308	0.903332
308	0.906666
308	0.909999
308	0.913332
308	0.916666
308	0.919999
308	0.923332
308	0.926666
308	0.929999
308	0.933332
308	0.936666
308	0.939999
308	0.943332
308	0.946666
308	0.949999
307	0.953332
307	0.956666
307	0.959999
307	0.963332
307	0.966666
307	0.969999
307	0.973332
307	0.976666
307	0.979999
307	0.983332
307	0.986666
307	0.989999
307	0.993332
304	0.996666
0	0.999999
0	1.00333
0	1.00667
0	1.01
0	1.01333
0	1.01667
0	1.02
0	1.02333
0	1.02667
0	1.03
0	1.03333
0	1.03667
0	1.04
0	1.04333
0	1.04667
0	1.05
0	1.05333
0	1.05667
0	1.06
0	1.06333
0	1.06667
0	1.07
0	1.07333
0	1.07667
0	1.08
0	1.08333
0	1.08667
0	1.09
0	1.09333
0	1.09667
0	1.1
0	1.10333
0	1.10667
0	1.11
0	1.11333
0	1.11667
0	1.12
0	1.12333
0	1.12667
0	1.13
0	1.13333
0	1.13667
0	1.14
0	1.14333
0	1.14667
0	1.15
0	1.15333
0	1.15667
0	1.16
0	1.16333
