0	0
0	0.00333333
0	0.00666666
0	0.00999999
0	0.0133333
0	0.0166667
0	0.02
0	0.0233333
0	0.0266666
0	0.03
0	0.0333333
0	0.0366666
0	0.04
0	0.0433333
0	0.0466666
0	0.05
0	0.0533333
0	0.0566666
0	0.0599999
0	0.0633333
0	0.0666666
0	0.0699999
0	0.0733333
0	0.0766666
0	0.0799999
0	0.0833333
0	0.0866666
0	0.0899999
0	0.0933332
0	0.0966666
0	0.0999999
306	0.103333
316	0.106667
323	0.11
329	0.113333
335	0.116667
340	0.12
344	0.123333
348	0.126667
352	0.13
356	0.133333
360	0.136667
363	0.14
367	0.143333
371	0.146667
375	0.15
378	0.153333
380	0.156667
381	0.16
383	0.163333
385	0.166666
387	0.17
389	0.173333
390	0.176666
392	0.18
394	0.183333
396	0.186666
398	0.19
399	0.193333
401	0.196666
403	0.2
405	0.203333
407	0.206666
408	0.21
410	0.213333
412	0.216666
414	0.22
416	0.223333
418	0.226666
419	0.23
421	0.233333
423	0.236666
425	0.24
427	0.243333
428	0.246666
430	0.25
432	0.253333
433	0.256666
433	0.26
432	0.263333
431	0.266666
431	0.27
430	0.273333
429	0.276666
429	0.28
428	0.283333
427	0.286666
427	0.29
426	0.293333
425	0.296666
425	0.3
424	0.303333
423	0.306666
423	0.31
422	0.313333
421	0.316666
421	0.32
420	0.323333
419	0.326666
419	0.33
418	0.333333
418	0.336666
418	0.34
419	0.343333
419	0.346666
419	0.35
420	0.353333
420	0.356666
420	0.36
421	0.363333
421	0.366666
421	0.37
422	0.373333
422	0.376666
422	0.38
423	0.383333
423	0.386666
423	0.39
424	0.393333
424	0.396666
424	0.4
425	0.403333
425	0.406666
425	0.41
426	0.413333
426	0.416666
426	0.42
427	0.423333
427	0.426666
427	0.43
428	0.433333
428	0.436666
428	0.44
429	0.443333
429	0.446666
429	0.45
430	0.453333
430	0.456666
430	0.46
431	0.463333
431	0.466666
431	0.47
432	0.473333
432	0.476666
432	0.48
433	0.483333
433	0.486666
433	0.49
434	0.493333
434	0.496666
435	0.499999
435	0.503333
435	0.506666
436	0.509999
436	0.513333
436	0.516666
437	0.519999
437	0.523333
437	0.526666
438	0.529999
438	0.533333
438	0.536666
439	0.539999
439	0.543333
439	0.546666
440	0.549999
440	0.553333
440	0.556666
441	0.559999
441	0.563333
441	0.566666
441	0.569999
442	0.573333
442	0.576666
442	0.579999
442	0.583333
442	0.586666
442	0.589999
442	0.593333
442	0.596666
442	0.599999
443	0.603333
443	0.606666
443	0.609999
443	0.613333
443	0.616666
443	0.619999
443	0.623333
443	0.626666
443	0.629999
444	0.633333
444	0.636666
444	0.639999
444	0.643333
444	0.646666
444	0.649999
444	0.653333
444	0.656666
444	0.659999
445	0.663333
445	0.666666
445	0.669999
445	0.673333
445	0.676666
445	0.679999
445	0.683333
445	0.686666
445	0.689999
446	0.693333
446	0.696666
446	0.699999
446	0.703333
446	0.706666
446	0.709999
446	0.713333
446	0.716666
446	0.719999
447	0.723333
447	0.726666
447	0.729999
447	0.733333
447	0.736666
447	0.739999
447	0.743333
447	0.746666
447	0.749999
448	0.753333
447	0.756666
445	0.759999
444	0.763333
443	0.766666
442	0.769999
440	0.773333
439	0.776666
438	0.779999
437	0.783333
435	0.786666
434	0.789999
433	0.793333
432	0.796666
430	0.799999
429	0.803333
428	0.806666
426	0.809999
425	0.813333
424	0.816666
423	0.819999
421	0.823333
420	0.826666
419	0.829999
418	0.833333
416	0.836666
415	0.839999
414	0.843332
413	0.846666
411	0.849999
410	0.853332
409	0.856666
407	0.859999
406	0.863332
405	0.866666
404	0.869999
402	0.873332
401	0.876666
400	0.879999
399	0.883332
397	0.886666
396	0.889999
395	0.893332
393	0.896666
392	0.899999
391	0.903332
390	0.906666
388	0.909999
387	0.913332
386	0.916666
384	0.919999
382	0.923332
379	0.926666
377	0.929999
374	0.933332
372	0.936666
369	0.939999
367	0.943332
364	0.946666
362	0.949999
359	0.953332
357	0.956666
354	0.959999
352	0.963332
349	0.966666
345	0.969999
341	0.973332
337	0.976666
332	0.979999
328	0.983332
324	0.986666
319	0.989999
312	0.993332
305	0.996666
0	0.999999
0	1.00333
0	1.00667
0	1.01
0	1.01333
0	1.01667
0	1.02
0	1.02333
0	1.02667
0	1.03
0	1.03333
0	1.03667
0	1.04
0	1.04333
0	1.04667
0	1.05
0	1.05333
0	1.05667
0	1.06
0	1.06333
0	1.06667
0	1.07
0	1.07333
0	1.07667
0	1.08
0	1.08333
0	1.08667
0	1.09
0	1.09333
0	1.09667
0	1.1
0	1.10333
0	1.10667
0	1.11
0	1.11333
0	1.11667
0	1.12
0	1.12333
0	1.12667
0	1.13
0	1.13333
0	1.13667
0	1.14
0	1.14333
0	1.14667
0	1.15
0	1.15333
0	1.15667
0	1.16
0	1.16333
