0	0
0	0.00333333
0	0.00666666
0	0.00999999
0	0.0133333
0	0.0166667
0	0.02
0	0.0233333
0	0.0266666
0	0.03
0	0.0333333
0	0.0366666
0	0.04
0	0.0433333
0	0.0466666
0	0.05
0	0.0533333
0	0.0566666
0	0.0599999
0	0.0633333
0	0.0666666
0	0.0699999
0	0.0733333
0	0.0766666
0	0.0799999
0	0.0833333
0	0.0866666
0	0.0899999
0	0.0933332
0	0.0966666
0	0.0999999
301	0.103333
301	0.106667
305	0.11
311	0.113333
315	0.116667
319	0.12
323	0.123333
326	0.126667
330	0.13
334	0.133333
338	0.136667
342	0.14
346	0.143333
349	0.146667
353	0.15
357	0.153333
361	0.156667
365	0.16
369	0.163333
372	0.166666
376	0.17
380	0.173333
384	0.176666
388	0.18
392	0.183333
395	0.186666
399	0.19
403	0.193333
407	0.196666
411	0.2
415	0.203333
418	0.206666
422	0.21
426	0.213333
430	0.216666
434	0.22
437	0.223333
441	0.226666
445	0.23
449	0.233333
453	0.236666
457	0.24
460	0.243333
464	0.246666
468	0.25
472	0.253333
476	0.256666
480	0.26
483	0.263333
487	0.266666
491	0.27
495	0.273333
499	0.276666
503	0.28
506	0.283333
510	0.286666
514	0.29
518	0.293333
522	0.296666
526	0.3
529	0.303333
533	0.306666
537	0.31
541	0.313333
545	0.316666
549	0.32
552	0.323333
556	0.326666
560	0.33
564	0.333333
565	0.336666
565	0.34
565	0.343333
565	0.346666
566	0.35
566	0.353333
566	0.356666
566	0.36
566	0.363333
567	0.366666
567	0.37
567	0.373333
567	0.376666
568	0.38
568	0.383333
568	0.386666
568	0.39
568	0.393333
569	0.396666
569	0.4
569	0.403333
569	0.406666
569	0.41
570	0.413333
570	0.416666
570	0.42
570	0.423333
570	0.426666
571	0.43
571	0.433333
571	0.436666
571	0.44
571	0.443333
572	0.446666
572	0.45
572	0.453333
572	0.456666
573	0.46
573	0.463333
573	0.466666
573	0.47
573	0.473333
574	0.476666
574	0.48
574	0.483333
574	0.486666
574	0.49
575	0.493333
575	0.496666
575	0.499999
577	0.503333
580	0.506666
583	0.509999
585	0.513333
588	0.516666
591	0.519999
594	0.523333
597	0.526666
599	0.529999
602	0.533333
605	0.536666
608	0.539999
611	0.543333
613	0.546666
616	0.549999
619	0.553333
622	0.556666
625	0.559999
627	0.563333
630	0.566666
633	0.569999
636	0.573333
639	0.576666
641	0.579999
644	0.583333
647	0.586666
650	0.589999
651	0.593333
652	0.596666
653	0.599999
654	0.603333
656	0.606666
657	0.609999
658	0.613333
659	0.616666
660	0.619999
661	0.623333
662	0.626666
663	0.629999
664	0.633333
665	0.636666
666	0.639999
667	0.643333
668	0.646666
669	0.649999
670	0.653333
671	0.656666
673	0.659999
674	0.663333
674	0.666666
672	0.669999
669	0.673333
666	0.676666
664	0.679999
661	0.683333
658	0.686666
655	0.689999
653	0.693333
650	0.696666
647	0.699999
645	0.703333
642	0.706666
639	0.709999
637	0.713333
634	0.716666
631	0.719999
628	0.723333
626	0.726666
623	0.729999
620	0.733333
618	0.736666
615	0.739999
612	0.743333
609	0.746666
607	0.749999
604	0.753333
601	0.756666
599	0.759999
596	0.763333
593	0.766666
591	0.769999
588	0.773333
585	0.776666
582	0.779999
580	0.783333
577	0.786666
574	0.789999
572	0.793333
569	0.796666
566	0.799999
564	0.803333
561	0.806666
558	0.809999
555	0.813333
553	0.816666
550	0.819999
547	0.823333
545	0.826666
542	0.829999
539	0.833333
536	0.836666
534	0.839999
531	0.843332
528	0.846666
525	0.849999
520	0.853332
516	0.856666
512	0.859999
508	0.863332
503	0.866666
499	0.869999
495	0.873332
490	0.876666
486	0.879999
482	0.883332
477	0.886666
473	0.889999
469	0.893332
464	0.896666
460	0.899999
456	0.903332
452	0.906666
447	0.909999
443	0.913332
439	0.916666
434	0.919999
430	0.923332
426	0.926666
421	0.929999
417	0.933332
413	0.936666
409	0.939999
404	0.943332
400	0.946666
396	0.949999
391	0.953332
387	0.956666
382	0.959999
375	0.963332
368	0.966666
361	0.969999
354	0.973332
347	0.976666
340	0.979999
333	0.983332
326	0.986666
319	0.989999
312	0.993332
305	0.996666
0	0.999999
0	1.00333
0	1.00667
0	1.01
0	1.01333
0	1.01667
0	1.02
0	1.02333
0	1.02667
0	1.03
0	1.03333
0	1.03667
0	1.04
0	1.04333
0	1.04667
0	1.05
0	1.05333
0	1.05667
0	1.06
0	1.06333
0	1.06667
0	1.07
0	1.07333
0	1.07667
0	1.08
0	1.08333
0	1.08667
0	1.09
0	1.09333
0	1.09667
0	1.1
0	1.10333
0	1.10667
0	1.11
0	1.11333
0	1.11667
0	1.12
0	1.12333
0	1.12667
0	1.13
0	1.13333
0	1.13667
0	1.14
0	1.14333
0	1.14667
0	1.15
0	1.15333
0	1.15667
0	1.16
0	1.16333
