0	0
0	0.00333333
0	0.00666666
0	0.00999999
0	0.0133333
0	0.0166667
0	0.02
0	0.0233333
0	0.0266666
0	0.03
0	0.0333333
0	0.0366666
0	0.04
0	0.0433333
0	0.0466666
0	0.05
0	0.0533333
0	0.0566666
0	0.0599999
0	0.0633333
0	0.0666666
0	0.0699999
0	0.0733333
0	0.0766666
0	0.0799999
0	0.0833333
0	0.0866666
0	0.0899999
0	0.0933332
0	0.0966666
0	0.0999999
306	0.103333
316	0.106667
326	0.11
336	0.113333
342	0.116667
348	0.12
355	0.123333
361	0.126667
367	0.13
373	0.133333
379	0.136667
385	0.14
391	0.143333
397	0.146667
401	0.15
404	0.153333
408	0.156667
412	0.16
416	0.163333
419	0.166666
423	0.17
427	0.173333
431	0.176666
434	0.18
438	0.183333
442	0.186666
446	0.19
449	0.193333
453	0.196666
457	0.2
460	0.203333
464	0.206666
468	0.21
472	0.213333
475	0.216666
479	0.22
481	0.223333
482	0.226666
483	0.23
484	0.233333
485	0.236666
486	0.24
487	0.243333
488	0.246666
489	0.25
490	0.253333
491	0.256666
492	0.26
493	0.263333
494	0.266666
495	0.27
496	0.273333
497	0.276666
498	0.28
499	0.283333
500	0.286666
501	0.29
502	0.293333
503	0.296666
504	0.3
505	0.303333
506	0.306666
507	0.31
509	0.313333
510	0.316666
511	0.32
512	0.323333
513	0.326666
514	0.33
515	0.333333
515	0.336666
516	0.34
517	0.343333
517	0.346666
518	0.35
519	0.353333
519	0.356666
520	0.36
521	0.363333
521	0.366666
522	0.37
523	0.373333
523	0.376666
524	0.38
525	0.383333
525	0.386666
526	0.39
527	0.393333
527	0.396666
528	0.4
529	0.403333
529	0.406666
530	0.41
531	0.413333
531	0.416666
532	0.42
533	0.423333
533	0.426666
534	0.43
535	0.433333
535	0.436666
536	0.44
537	0.443333
537	0.446666
538	0.45
539	0.453333
539	0.456666
540	0.46
541	0.463333
541	0.466666
542	0.47
543	0.473333
543	0.476666
544	0.48
545	0.483333
545	0.486666
546	0.49
547	0.493333
547	0.496666
548	0.499999
549	0.503333
549	0.506666
550	0.509999
551	0.513333
551	0.516666
552	0.519999
553	0.523333
553	0.526666
554	0.529999
555	0.533333
555	0.536666
556	0.539999
557	0.543333
559	0.546666
561	0.549999
563	0.553333
565	0.556666
567	0.559999
568	0.563333
570	0.566666
572	0.569999
574	0.573333
576	0.576666
578	0.579999
580	0.583333
581	0.586666
583	0.589999
585	0.593333
587	0.596666
589	0.599999
591	0.603333
593	0.606666
595	0.609999
596	0.613333
598	0.616666
600	0.619999
602	0.623333
604	0.626666
606	0.629999
608	0.633333
610	0.636666
611	0.639999
613	0.643333
615	0.646666
617	0.649999
619	0.653333
621	0.656666
623	0.659999
625	0.663333
626	0.666666
625	0.669999
624	0.673333
623	0.676666
622	0.679999
621	0.683333
620	0.686666
619	0.689999
618	0.693333
617	0.696666
615	0.699999
613	0.703333
610	0.706666
608	0.709999
605	0.713333
603	0.716666
600	0.719999
598	0.723333
595	0.726666
592	0.729999
590	0.733333
587	0.736666
585	0.739999
582	0.743333
580	0.746666
577	0.749999
575	0.753333
572	0.756666
570	0.759999
567	0.763333
564	0.766666
562	0.769999
559	0.773333
557	0.776666
554	0.779999
552	0.783333
549	0.786666
547	0.789999
544	0.793333
541	0.796666
539	0.799999
536	0.803333
534	0.806666
531	0.809999
529	0.813333
526	0.816666
524	0.819999
521	0.823333
519	0.826666
516	0.829999
513	0.833333
511	0.836666
508	0.839999
506	0.843332
503	0.846666
501	0.849999
498	0.853332
496	0.856666
493	0.859999
491	0.863332
488	0.866666
485	0.869999
483	0.873332
480	0.876666
478	0.879999
475	0.883332
471	0.886666
467	0.889999
463	0.893332
459	0.896666
455	0.899999
451	0.903332
447	0.906666
443	0.909999
439	0.913332
435	0.916666
431	0.919999
427	0.923332
423	0.926666
419	0.929999
415	0.933332
411	0.936666
407	0.939999
403	0.943332
399	0.946666
395	0.949999
391	0.953332
387	0.956666
382	0.959999
375	0.963332
368	0.966666
361	0.969999
354	0.973332
347	0.976666
340	0.979999
333	0.983332
326	0.986666
319	0.989999
312	0.993332
305	0.996666
0	0.999999
0	1.00333
0	1.00667
0	1.01
0	1.01333
0	1.01667
0	1.02
0	1.02333
0	1.02667
0	1.03
0	1.03333
0	1.03667
0	1.04
0	1.04333
0	1.04667
0	1.05
0	1.05333
0	1.05667
0	1.06
0	1.06333
0	1.06667
0	1.07
0	1.07333
0	1.07667
0	1.08
0	1.08333
0	1.08667
0	1.09
0	1.09333
0	1.09667
0	1.1
0	1.10333
0	1.10667
0	1.11
0	1.11333
0	1.11667
0	1.12
0	1.12333
0	1.12667
0	1.13
0	1.13333
0	1.13667
0	1.14
0	1.14333
0	1.14667
0	1.15
0	1.15333
0	1.15667
0	1.16
0	1.16333
