0	0
0	0.00333333
0	0.00666666
0	0.00999999
0	0.0133333
0	0.0166667
0	0.02
0	0.0233333
0	0.0266666
0	0.03
0	0.0333333
0	0.0366666
0	0.04
0	0.0433333
0	0.0466666
0	0.05
0	0.0533333
0	0.0566666
0	0.0599999
0	0.0633333
0	0.0666666
0	0.0699999
0	0.0733333
0	0.0766666
0	0.0799999
0	0.0833333
0	0.0866666
0	0.0899999
0	0.0933332
0	0.0966666
0	0.0999999
306	0.103333
314	0.106667
320	0.11
326	0.113333
331	0.116667
336	0.12
340	0.123333
345	0.126667
349	0.13
354	0.133333
358	0.136667
363	0.14
367	0.143333
372	0.146667
376	0.15
381	0.153333
385	0.156667
390	0.16
394	0.163333
398	0.166666
402	0.17
405	0.173333
409	0.176666
412	0.18
415	0.183333
418	0.186666
421	0.19
425	0.193333
428	0.196666
431	0.2
434	0.203333
437	0.206666
441	0.21
444	0.213333
447	0.216666
450	0.22
453	0.223333
457	0.226666
460	0.23
463	0.233333
466	0.236666
469	0.24
473	0.243333
476	0.246666
479	0.25
482	0.253333
485	0.256666
489	0.26
492	0.263333
495	0.266666
498	0.27
501	0.273333
504	0.276666
508	0.28
511	0.283333
514	0.286666
517	0.29
520	0.293333
524	0.296666
527	0.3
530	0.303333
533	0.306666
536	0.31
540	0.313333
543	0.316666
546	0.32
549	0.323333
552	0.326666
556	0.33
559	0.333333
560	0.336666
560	0.34
560	0.343333
561	0.346666
561	0.35
561	0.353333
561	0.356666
561	0.36
562	0.363333
562	0.366666
562	0.37
562	0.373333
562	0.376666
563	0.38
563	0.383333
563	0.386666
563	0.39
563	0.393333
564	0.396666
564	0.4
564	0.403333
564	0.406666
565	0.41
565	0.413333
565	0.416666
565	0.42
565	0.423333
566	0.426666
566	0.43
566	0.433333
566	0.436666
566	0.44
567	0.443333
567	0.446666
567	0.45
567	0.453333
567	0.456666
568	0.46
568	0.463333
568	0.466666
568	0.47
569	0.473333
569	0.476666
569	0.48
569	0.483333
569	0.486666
570	0.49
570	0.493333
570	0.496666
570	0.499999
570	0.503333
571	0.506666
571	0.509999
572	0.513333
574	0.516666
576	0.519999
578	0.523333
579	0.526666
581	0.529999
583	0.533333
585	0.536666
587	0.539999
588	0.543333
590	0.546666
592	0.549999
594	0.553333
596	0.556666
597	0.559999
599	0.563333
601	0.566666
603	0.569999
604	0.573333
606	0.576666
608	0.579999
610	0.583333
612	0.586666
613	0.589999
615	0.593333
617	0.596666
619	0.599999
621	0.603333
622	0.606666
624	0.609999
626	0.613333
628	0.616666
629	0.619999
631	0.623333
633	0.626666
635	0.629999
637	0.633333
638	0.636666
640	0.639999
642	0.643333
644	0.646666
646	0.649999
647	0.653333
649	0.656666
651	0.659999
651	0.663333
652	0.666666
650	0.669999
647	0.673333
644	0.676666
642	0.679999
639	0.683333
636	0.686666
634	0.689999
631	0.693333
628	0.696666
625	0.699999
623	0.703333
620	0.706666
617	0.709999
615	0.713333
612	0.716666
609	0.719999
607	0.723333
604	0.726666
601	0.729999
599	0.733333
596	0.736666
593	0.739999
590	0.743333
588	0.746666
585	0.749999
582	0.753333
580	0.756666
577	0.759999
574	0.763333
572	0.766666
569	0.769999
566	0.773333
564	0.776666
561	0.779999
558	0.783333
555	0.786666
553	0.789999
550	0.793333
547	0.796666
545	0.799999
542	0.803333
539	0.806666
537	0.809999
534	0.813333
531	0.816666
529	0.819999
526	0.823333
523	0.826666
520	0.829999
518	0.833333
515	0.836666
512	0.839999
510	0.843332
507	0.846666
504	0.849999
502	0.853332
499	0.856666
496	0.859999
494	0.863332
491	0.866666
488	0.869999
485	0.873332
483	0.876666
480	0.879999
476	0.883332
472	0.886666
467	0.889999
463	0.893332
459	0.896666
455	0.899999
450	0.903332
446	0.906666
442	0.909999
438	0.913332
433	0.916666
429	0.919999
425	0.923332
421	0.926666
416	0.929999
412	0.933332
408	0.936666
404	0.939999
399	0.943332
395	0.946666
391	0.949999
387	0.953332
382	0.956666
378	0.959999
374	0.963332
369	0.966666
362	0.969999
355	0.973332
348	0.976666
341	0.979999
334	0.983332
327	0.986666
320	0.989999
313	0.993332
306	0.996666
0	0.999999
0	1.00333
0	1.00667
0	1.01
0	1.01333
0	1.01667
0	1.02
0	1.02333
0	1.02667
0	1.03
0	1.03333
0	1.03667
0	1.04
0	1.04333
0	1.04667
0	1.05
0	1.05333
0	1.05667
0	1.06
0	1.06333
0	1.06667
0	1.07
0	1.07333
0	1.07667
0	1.08
0	1.08333
0	1.08667
0	1.09
0	1.09333
0	1.09667
0	1.1
0	1.10333
0	1.10667
0	1.11
0	1.11333
0	1.11667
0	1.12
0	1.12333
0	1.12667
0	1.13
0	1.13333
0	1.13667
0	1.14
0	1.14333
0	1.14667
0	1.15
0	1.15333
0	1.15667
0	1.16
0	1.16333
0	1.16667
0	1.17
0	1.17333
0	1.17667
0	1.18
0	1.18333
0	1.18667
0	1.19
0	1.19333
0	1.19667
0	1.2
0	1.20333
0	1.20667
0	1.21
0	1.21333
0	1.21667
0	1.22
0	1.22333
0	1.22667
0	1.23
0	1.23333
0	1.23667
0	1.24
0	1.24333
0	1.24667
0	1.25
0	1.25333
0	1.25667
0	1.26
0	1.26333
0	1.26667
0	1.27
0	1.27333
0	1.27667
0	1.28
0	1.28333
0	1.28667
0	1.29
0	1.29333
0	1.29667
0	1.3
0	1.30333
0	1.30667
0	1.31
0	1.31333
0	1.31667
0	1.32
0	1.32333
0	1.32667
0	1.33
0	1.33333
0	1.33667
0	1.34
0	1.34333
0	1.34667
0	1.35
0	1.35333
0	1.35667
0	1.36
0	1.36333
0	1.36667
0	1.37
0	1.37333
0	1.37667
0	1.38
0	1.38333
0	1.38667
0	1.39
0	1.39333
0	1.39667
0	1.4
0	1.40333
0	1.40667
0	1.41
0	1.41333
0	1.41667
0	1.42
0	1.42333
0	1.42667
0	1.43
0	1.43333
0	1.43667
0	1.44
0	1.44333
0	1.44667
0	1.45
0	1.45333
0	1.45667
0	1.46
0	1.46333
0	1.46667
0	1.47
0	1.47333
0	1.47667
0	1.48
0	1.48333
0	1.48667
0	1.49
0	1.49333
0	1.49667
0	1.5
0	1.50333
0	1.50667
0	1.51
0	1.51333
0	1.51667
0	1.52
0	1.52333
0	1.52667
0	1.53
0	1.53333
0	1.53667
0	1.54
0	1.54333
0	1.54667
0	1.55
0	1.55333
0	1.55667
0	1.56
0	1.56333
0	1.56667
0	1.57
0	1.57333
0	1.57667
0	1.58
0	1.58333
0	1.58667
0	1.59
0	1.59333
0	1.59667
0	1.6
0	1.60333
0	1.60667
0	1.61
0	1.61333
0	1.61667
0	1.62
0	1.62333
0	1.62667
0	1.63
0	1.63333
0	1.63667
0	1.64
0	1.64333
0	1.64667
0	1.65
0	1.65333
0	1.65667
0	1.66
0	1.66333
