0	0
0	0.0333333
0	0.0666666
0	0.0999999
340	0.133333
370	0.166667
390	0.2
410	0.233333
430	0.266666
420	0.3
410	0.333333
410	0.366666
420	0.4
440	0.433333
450	0.466666
460	0.5
480	0.533333
490	0.566666
500	0.599999
500	0.633333
510	0.666666
510	0.699999
500	0.733333
490	0.766666
480	0.799999
460	0.833333
450	0.866666
430	0.899999
410	0.933332
380	0.966666
330	0.999999
0	1.03333
0	1.06667
0	1.1
0	1.13333
0	1.16667
0	1.2
0	1.23333
0	1.26667
0	1.3
0	1.33333
0	1.36667
0	1.4
0	1.43333
0	1.46667
0	1.5
0	1.53333
0	1.56667
0	1.6
0	1.63333
0	1.66667
0	1.7
0	1.73333
0	1.76666
0	1.8
0	1.83333
0	1.86666
0	1.9
0	1.93333
0	1.96666
0	2
0	2.03333
0	2.06666
0	2.1
0	2.13333
0	2.16666
0	2.2
0	2.23333
0	2.26666
0	2.3
0	2.33333
0	2.36666
0	2.4
0	2.43333
0	2.46666
0	2.5
0	2.53333
0	2.56666
0	2.6
0	2.63333
0	2.66666
0	2.7
0	2.73333
0	2.76666
0	2.8
0	2.83333
0	2.86666
0	2.9
0	2.93333
0	2.96666
0	3
0	3.03333
0	3.06666
0	3.1
0	3.13333
0	3.16666
0	3.2
0	3.23333
0	3.26666
0	3.3
0	3.33333
0	3.36666
0	3.4
0	3.43333
0	3.46666
0	3.5
0	3.53333
0	3.56666
0	3.6
0	3.63333
0	3.66666
0	3.7
0	3.73333
0	3.76666
0	3.8
0	3.83333
0	3.86666
0	3.9
0	3.93333
0	3.96666
0	4
0	4.03333
0	4.06666
0	4.1
0	4.13333
0	4.16666
0	4.2
0	4.23333
0	4.26666
0	4.3
0	4.33333
0	4.36666
0	4.4
0	4.43333
0	4.46666
0	4.5
0	4.53333
0	4.56666
0	4.6
0	4.63333
0	4.66666
0	4.7
0	4.73333
0	4.76666
0	4.8
0	4.83333
0	4.86666
0	4.9
0	4.93333
0	4.96666
0	5
0	5.03333
0	5.06666
0	5.09999
0	5.13333
0	5.16666
0	5.19999
0	5.23333
0	5.26666
0	5.29999
0	5.33333
0	5.36666
0	5.39999
0	5.43333
0	5.46666
0	5.49999
0	5.53333
0	5.56666
0	5.59999
0	5.63333
0	5.66666
0	5.69999
0	5.73333
0	5.76666
0	5.79999
0	5.83333
0	5.86666
0	5.89999
0	5.93333
0	5.96666
0	5.99999
0	6.03333
0	6.06666
0	6.09999
0	6.13333
0	6.16666
0	6.19999
0	6.23333
0	6.26666
0	6.29999
0	6.33333
0	6.36666
0	6.39999
0	6.43333
0	6.46666
0	6.49999
0	6.53333
0	6.56666
0	6.59999
0	6.63333
0	6.66666
0	6.69999
0	6.73333
0	6.76666
0	6.79999
0	6.83333
0	6.86666
0	6.89999
0	6.93333
0	6.96666
0	6.99999
0	7.03333
0	7.06666
0	7.09999
0	7.13333
0	7.16666
0	7.19999
0	7.23333
0	7.26666
0	7.29999
0	7.33333
0	7.36666
0	7.39999
0	7.43333
0	7.46666
0	7.49999
0	7.53333
0	7.56666
0	7.59999
0	7.63333
0	7.66666
0	7.69999
0	7.73333
0	7.76666
0	7.79999
0	7.83333
0	7.86666
0	7.89999
0	7.93333
0	7.96666
0	7.99999
0	8.03333
0	8.06666
0	8.09999
0	8.13333
0	8.16666
0	8.19999
0	8.23333
0	8.26666
0	8.29999
0	8.33333
0	8.36666
0	8.39999
0	8.43332
0	8.46666
0	8.49999
0	8.53332
0	8.56666
0	8.59999
0	8.63332
0	8.66666
0	8.69999
0	8.73332
0	8.76666
0	8.79999
0	8.83332
0	8.86666
0	8.89999
0	8.93332
0	8.96666
0	8.99999
0	9.03332
0	9.06666
0	9.09999
0	9.13332
0	9.16666
0	9.19999
0	9.23332
0	9.26666
0	9.29999
0	9.33332
0	9.36666
0	9.39999
0	9.43332
0	9.46666
0	9.49999
0	9.53332
0	9.56666
0	9.59999
0	9.63332
0	9.66666
0	9.69999
0	9.73332
0	9.76666
0	9.79999
0	9.83332
0	9.86666
0	9.89999
0	9.93332
0	9.96666
0	9.99999
0	10.0333
0	10.0667
0	10.1
0	10.1333
0	10.1667
0	10.2
0	10.2333
0	10.2667
0	10.3
0	10.3333
0	10.3667
0	10.4
0	10.4333
0	10.4667
0	10.5
0	10.5333
0	10.5667
0	10.6
0	10.6333
0	10.6667
0	10.7
0	10.7333
0	10.7667
0	10.8
0	10.8333
0	10.8667
0	10.9
0	10.9333
0	10.9667
0	11
0	11.0333
0	11.0667
0	11.1
0	11.1333
0	11.1667
0	11.2
0	11.2333
0	11.2667
0	11.3
0	11.3333
0	11.3667
0	11.4
0	11.4333
0	11.4667
0	11.5
0	11.5333
0	11.5667
0	11.6
0	11.6333
0	11.6667
0	11.7
0	11.7333
0	11.7667
0	11.8
0	11.8333
0	11.8667
0	11.9
0	11.9333
0	11.9667
0	12
0	12.0333
0	12.0667
0	12.1
0	12.1333
0	12.1667
0	12.2
0	12.2333
0	12.2667
0	12.3
0	12.3333
0	12.3667
0	12.4
0	12.4333
0	12.4667
0	12.5
0	12.5333
0	12.5667
0	12.6
0	12.6333
0	12.6667
0	12.7
0	12.7333
0	12.7667
0	12.8
0	12.8333
0	12.8667
0	12.9
0	12.9333
0	12.9667
0	13
0	13.0333
0	13.0667
0	13.1
0	13.1333
0	13.1667
0	13.2
0	13.2333
0	13.2667
0	13.3
0	13.3333
0	13.3667
0	13.4
0	13.4333
0	13.4667
0	13.5
0	13.5333
0	13.5667
0	13.6
0	13.6333
0	13.6667
0	13.7
0	13.7333
0	13.7667
0	13.8
0	13.8333
0	13.8667
0	13.9
0	13.9333
0	13.9667
0	14
0	14.0333
0	14.0667
0	14.1
0	14.1333
0	14.1667
0	14.2
0	14.2333
0	14.2667
0	14.3
0	14.3333
0	14.3667
0	14.4
0	14.4333
0	14.4667
0	14.5
0	14.5333
0	14.5667
0	14.6
0	14.6333
0	14.6667
0	14.7
0	14.7333
0	14.7667
0	14.8
0	14.8333
0	14.8667
0	14.9
0	14.9333
0	14.9667
0	15
0	15.0333
0	15.0667
0	15.1
0	15.1333
0	15.1667
0	15.2
0	15.2333
0	15.2667
0	15.3
0	15.3333
0	15.3667
0	15.4
0	15.4333
0	15.4667
0	15.5
0	15.5333
0	15.5667
0	15.6
0	15.6333
0	15.6667
0	15.7
0	15.7333
0	15.7667
0	15.8
0	15.8333
0	15.8667
0	15.9
0	15.9333
0	15.9667
0	16
0	16.0333
0	16.0667
0	16.1
0	16.1333
0	16.1667
0	16.2
0	16.2333
0	16.2667
0	16.3
0	16.3333
0	16.3667
0	16.4
0	16.4333
0	16.4667
0	16.5
0	16.5333
0	16.5667
0	16.6
0	16.6333
