0	0
0	0.00333333
0	0.00666666
0	0.00999999
0	0.0133333
0	0.0166667
0	0.02
0	0.0233333
0	0.0266666
0	0.03
0	0.0333333
0	0.0366666
0	0.04
0	0.0433333
0	0.0466666
0	0.05
0	0.0533333
0	0.0566666
0	0.0599999
0	0.0633333
0	0.0666666
0	0.0699999
0	0.0733333
0	0.0766666
0	0.0799999
0	0.0833333
0	0.0866666
0	0.0899999
0	0.0933332
0	0.0966666
0	0.0999999
305	0.103333
309	0.106667
311	0.11
312	0.113333
312	0.116667
312	0.12
313	0.123333
313	0.126667
313	0.13
313	0.133333
313	0.136667
313	0.14
313	0.143333
313	0.146667
313	0.15
313	0.153333
313	0.156667
313	0.16
313	0.163333
313	0.166666
314	0.17
314	0.173333
314	0.176666
314	0.18
314	0.183333
314	0.186666
314	0.19
314	0.193333
314	0.196666
314	0.2
314	0.203333
314	0.206666
314	0.21
315	0.213333
315	0.216666
315	0.22
315	0.223333
315	0.226666
315	0.23
315	0.233333
315	0.236666
315	0.24
315	0.243333
315	0.246666
315	0.25
315	0.253333
316	0.256666
316	0.26
316	0.263333
316	0.266666
316	0.27
316	0.273333
316	0.276666
316	0.28
316	0.283333
316	0.286666
316	0.29
316	0.293333
316	0.296666
317	0.3
317	0.303333
317	0.306666
317	0.31
317	0.313333
317	0.316666
317	0.32
317	0.323333
317	0.326666
317	0.33
317	0.333333
318	0.336666
318	0.34
319	0.343333
319	0.346666
320	0.35
320	0.353333
320	0.356666
321	0.36
321	0.363333
322	0.366666
322	0.37
322	0.373333
322	0.376666
322	0.38
322	0.383333
322	0.386666
322	0.39
322	0.393333
321	0.396666
321	0.4
321	0.403333
321	0.406666
321	0.41
321	0.413333
321	0.416666
321	0.42
321	0.423333
320	0.426666
320	0.43
320	0.433333
320	0.436666
320	0.44
320	0.443333
320	0.446666
320	0.45
320	0.453333
319	0.456666
319	0.46
319	0.463333
319	0.466666
319	0.47
319	0.473333
319	0.476666
319	0.48
319	0.483333
318	0.486666
318	0.49
318	0.493333
318	0.496666
318	0.499999
318	0.503333
318	0.506666
318	0.509999
318	0.513333
317	0.516666
317	0.519999
317	0.523333
317	0.526666
317	0.529999
317	0.533333
317	0.536666
317	0.539999
317	0.543333
316	0.546666
316	0.549999
316	0.553333
316	0.556666
316	0.559999
316	0.563333
316	0.566666
316	0.569999
316	0.573333
315	0.576666
315	0.579999
315	0.583333
315	0.586666
315	0.589999
315	0.593333
315	0.596666
315	0.599999
315	0.603333
314	0.606666
314	0.609999
314	0.613333
314	0.616666
314	0.619999
314	0.623333
314	0.626666
314	0.629999
314	0.633333
313	0.636666
313	0.639999
313	0.643333
313	0.646666
313	0.649999
313	0.653333
313	0.656666
313	0.659999
313	0.663333
312	0.666666
312	0.669999
312	0.673333
312	0.676666
312	0.679999
312	0.683333
312	0.686666
312	0.689999
312	0.693333
311	0.696666
311	0.699999
311	0.703333
311	0.706666
311	0.709999
311	0.713333
311	0.716666
311	0.719999
311	0.723333
310	0.726666
310	0.729999
310	0.733333
310	0.736666
310	0.739999
310	0.743333
310	0.746666
310	0.749999
310	0.753333
309	0.756666
309	0.759999
309	0.763333
309	0.766666
309	0.769999
309	0.773333
309	0.776666
309	0.779999
309	0.783333
308	0.786666
308	0.789999
308	0.793333
308	0.796666
308	0.799999
308	0.803333
308	0.806666
308	0.809999
308	0.813333
307	0.816666
307	0.819999
307	0.823333
307	0.826666
307	0.829999
307	0.833333
307	0.836666
307	0.839999
307	0.843332
306	0.846666
306	0.849999
306	0.853332
306	0.856666
306	0.859999
306	0.863332
306	0.866666
306	0.869999
306	0.873332
305	0.876666
305	0.879999
305	0.883332
305	0.886666
305	0.889999
305	0.893332
305	0.896666
305	0.899999
305	0.903332
304	0.906666
304	0.909999
304	0.913332
304	0.916666
304	0.919999
304	0.923332
304	0.926666
304	0.929999
304	0.933332
303	0.936666
303	0.939999
303	0.943332
303	0.946666
303	0.949999
303	0.953332
303	0.956666
303	0.959999
303	0.963332
302	0.966666
302	0.969999
302	0.973332
302	0.976666
302	0.979999
302	0.983332
302	0.986666
302	0.989999
302	0.993332
301	0.996666
0	0.999999
0	1.00333
0	1.00667
0	1.01
0	1.01333
0	1.01667
0	1.02
0	1.02333
0	1.02667
0	1.03
0	1.03333
0	1.03667
0	1.04
0	1.04333
0	1.04667
0	1.05
0	1.05333
0	1.05667
0	1.06
0	1.06333
0	1.06667
0	1.07
0	1.07333
0	1.07667
0	1.08
0	1.08333
0	1.08667
0	1.09
0	1.09333
0	1.09667
0	1.1
0	1.10333
0	1.10667
0	1.11
0	1.11333
0	1.11667
0	1.12
0	1.12333
0	1.12667
0	1.13
0	1.13333
0	1.13667
0	1.14
0	1.14333
0	1.14667
0	1.15
0	1.15333
0	1.15667
0	1.16
0	1.16333
