0	0
0	0.00333333
0	0.00666666
0	0.00999999
0	0.0133333
0	0.0166667
0	0.02
0	0.0233333
0	0.0266666
0	0.03
0	0.0333333
0	0.0366666
0	0.04
0	0.0433333
0	0.0466666
0	0.05
0	0.0533333
0	0.0566666
0	0.0599999
0	0.0633333
0	0.0666666
0	0.0699999
0	0.0733333
0	0.0766666
0	0.0799999
0	0.0833333
0	0.0866666
0	0.0899999
0	0.0933332
0	0.0966666
0	0.0999999
306	0.103333
316	0.106667
326	0.11
336	0.113333
345	0.116667
351	0.12
357	0.123333
363	0.126667
369	0.13
375	0.133333
382	0.136667
388	0.14
394	0.143333
400	0.146667
406	0.15
411	0.153333
416	0.156667
420	0.16
424	0.163333
429	0.166666
433	0.17
437	0.173333
442	0.176666
446	0.18
450	0.183333
454	0.186666
459	0.19
463	0.193333
467	0.196666
472	0.2
476	0.203333
480	0.206666
485	0.21
489	0.213333
493	0.216666
497	0.22
502	0.223333
506	0.226666
510	0.23
515	0.233333
519	0.236666
523	0.24
528	0.243333
532	0.246666
536	0.25
540	0.253333
545	0.256666
549	0.26
553	0.263333
558	0.266666
562	0.27
566	0.273333
570	0.276666
575	0.28
579	0.283333
583	0.286666
588	0.29
592	0.293333
596	0.296666
601	0.3
605	0.303333
609	0.306666
611	0.31
614	0.313333
617	0.316666
619	0.32
622	0.323333
624	0.326666
627	0.33
629	0.333333
630	0.336666
630	0.34
630	0.343333
631	0.346666
631	0.35
631	0.353333
631	0.356666
631	0.36
632	0.363333
632	0.366666
632	0.37
632	0.373333
632	0.376666
633	0.38
633	0.383333
634	0.386666
634	0.39
635	0.393333
635	0.396666
636	0.4
636	0.403333
637	0.406666
637	0.41
638	0.413333
638	0.416666
639	0.42
639	0.423333
640	0.426666
640	0.43
641	0.433333
641	0.436666
642	0.44
642	0.443333
643	0.446666
643	0.45
644	0.453333
644	0.456666
645	0.46
645	0.463333
646	0.466666
646	0.47
647	0.473333
647	0.476666
648	0.48
648	0.483333
649	0.486666
649	0.49
650	0.493333
650	0.496666
651	0.499999
651	0.503333
651	0.506666
651	0.509999
651	0.513333
652	0.516666
652	0.519999
652	0.523333
652	0.526666
652	0.529999
653	0.533333
653	0.536666
653	0.539999
653	0.543333
653	0.546666
654	0.549999
654	0.553333
654	0.556666
654	0.559999
654	0.563333
655	0.566666
655	0.569999
655	0.573333
655	0.576666
655	0.579999
656	0.583333
656	0.586666
656	0.589999
656	0.593333
656	0.596666
657	0.599999
657	0.603333
657	0.606666
657	0.609999
657	0.613333
658	0.616666
658	0.619999
658	0.623333
658	0.626666
658	0.629999
659	0.633333
659	0.636666
659	0.639999
659	0.643333
659	0.646666
660	0.649999
660	0.653333
660	0.656666
660	0.659999
660	0.663333
660	0.666666
658	0.669999
655	0.673333
652	0.676666
650	0.679999
647	0.683333
644	0.686666
641	0.689999
639	0.693333
636	0.696666
633	0.699999
630	0.703333
628	0.706666
625	0.709999
622	0.713333
620	0.716666
617	0.719999
614	0.723333
611	0.726666
609	0.729999
606	0.733333
603	0.736666
600	0.739999
598	0.743333
595	0.746666
592	0.749999
590	0.753333
587	0.756666
584	0.759999
581	0.763333
579	0.766666
576	0.769999
573	0.773333
571	0.776666
568	0.779999
565	0.783333
562	0.786666
560	0.789999
557	0.793333
554	0.796666
551	0.799999
549	0.803333
546	0.806666
543	0.809999
541	0.813333
538	0.816666
535	0.819999
532	0.823333
530	0.826666
527	0.829999
524	0.833333
521	0.836666
519	0.839999
516	0.843332
513	0.846666
511	0.849999
508	0.853332
505	0.856666
502	0.859999
500	0.863332
497	0.866666
494	0.869999
490	0.873332
485	0.876666
481	0.879999
477	0.883332
472	0.886666
468	0.889999
463	0.893332
459	0.896666
455	0.899999
450	0.903332
446	0.906666
441	0.909999
437	0.913332
433	0.916666
428	0.919999
424	0.923332
420	0.926666
415	0.929999
411	0.933332
406	0.936666
402	0.939999
398	0.943332
393	0.946666
389	0.949999
384	0.953332
380	0.956666
376	0.959999
371	0.963332
367	0.966666
361	0.969999
354	0.973332
347	0.976666
340	0.979999
333	0.983332
326	0.986666
319	0.989999
312	0.993332
305	0.996666
0	0.999999
0	1.00333
0	1.00667
0	1.01
0	1.01333
0	1.01667
0	1.02
0	1.02333
0	1.02667
0	1.03
0	1.03333
0	1.03667
0	1.04
0	1.04333
0	1.04667
0	1.05
0	1.05333
0	1.05667
0	1.06
0	1.06333
0	1.06667
0	1.07
0	1.07333
0	1.07667
0	1.08
0	1.08333
0	1.08667
0	1.09
0	1.09333
0	1.09667
0	1.1
0	1.10333
0	1.10667
0	1.11
0	1.11333
0	1.11667
0	1.12
0	1.12333
0	1.12667
0	1.13
0	1.13333
0	1.13667
0	1.14
0	1.14333
0	1.14667
0	1.15
0	1.15333
0	1.15667
0	1.16
0	1.16333
