129.6973520659912    0.07020052581402009
139.26042412143585    0.0731387285640835
149.40619232362798    0.07662611161269904
158.7889415305907    0.08160822053586192
168.10716515347374    0.08683281505285823
177.4034568156993    0.09238184394764148
186.67915929036872    0.09811795156085913
196.12890988630187    0.10394200286631816
205.578660482235    0.11008471611347542
215.20972541338656    0.11662121446110243
224.92885519117812    0.12355819524995122
234.6249997230426    0.13086824339171463
244.26912501412477    0.13807354786910242
253.90623375645032    0.1455351111139906
263.5433424987758    0.15338439275172244
273.1804512411013    0.1615590184368077
280.958416512863    303.5222754808448
282.8175599834268    0.16976836802779657
289.5446156164073    293.6256666664022
292.45466872575224    0.17816629487913735
299.2264725861486    280.494393112182
302.07817889293653    0.18533155980474658
308.7607348676032    266.5655781512906
311.6548495235224    0.19415253385382347
318.46407872563765    254.3702228899095
321.21792157896704    0.20229302485763817
328.2449433123658    243.3450743684957
330.8550303212925    0.21301948959547773
337.80801536781047    232.8791404965471
340.4181023767371    0.22230707491747909
347.4114844250254    225.3165691855406
350.0472267704776    0.23213187125537665
357.00296968267213    218.24535036139815
359.59668914083386    0.24362538389197164
366.1982937210441    212.55167540872733
370.8307280876869    0.25426460181527705
375.76136577648873    205.20657214212412
379.0405740329201    0.26966165670913606
385.1940323039045    197.51981020886222
388.6036460883648    0.28087219343250347
394.63763606915506    187.18542890863048
398.1667181438095    0.29513097159911755
404.3914554220497    176.16096710462386
407.6125654450262    0.3080803617114557
414.30939837249235    164.87137368994854
417.2548761114299    0.31813848621625235
423.9230719184766    154.58392265818833
435.71565784021993    141.39003562806957
431.08836491016604    0.32930820264858973
442.8834253201073    134.82024761095346
440.80568006327917    0.339945703080824
450.81679159290366    125.7225955655627
450.52299521639225    0.3546834995109497
461.1194960262156    114.65670959280254
460.0860672718369    0.3655404134593367
471.11710811888486    102.86710973345166
469.64913932728155    0.3799004904101873
479.52069757806316    93.84711941507115
481.75722249425587    0.39658586997853285
489.6493276582921    84.08296659037218
493.71106256356165    0.412506402087775
499.2638140796263    76.43759932537509
502.47207051113037    0.4259751611491893
508.36415684206554    69.67017022063546
515.8603713887528    0.45009553363183674
516.7988188671989    61.46234006704324
525.8964556103807    0.4672739588243114
525.1860025544532    54.83169440330094
532.0773565531821    0.4864072183113069
533.3994072119086    49.67509924540414
537.5563396312315    45.04411423781517
541.1090591647409    0.5072112298031112
545.7570906625484    41.396200262624276
551.752740216204    37.02027454598649
550.6721312201855    0.5237192720371217
559.1736478387354    34.469137006882384
560.1686670374202    0.5480092177211292
563.182153753437    31.69640963777525
569.7317390928648    0.5685079318922305
571.4187351689328    30.468933583087534
579.2282749100996    0.5863427824398144
581.0126558439111    28.138076856873354
588.3596922892857    0.5975842261037196
590.6927399044837    26.0672123589671
600.3409116000213    24.270941774897334
604.6118497871859    0.6378622724483495
609.370534985624    22.552916902337394
614.4834080379675    0.6609698924159823
618.0948240144116    20.6934127281475
626.8821801197781    19.23518279228989
623.5837508004067    0.7002326306659598
636.1597046969754    17.888636365210292
635.2445289841424    0.7563155900349189
645.7947568646653    16.536117463144617
646.9866353466489    0.8328700097421514
655.3578289201099    15.143799528284452
655.7849636521146    0.8961916908571234
664.4581716825492    13.78223529899467
664.8259821462201    0.957872273621996
672.4788127613092    12.531437916427041
675.100945421673    1.0431330349769703
679.6214546687258    11.452871970202965
684.6640174771177    1.140167520447055
687.2721280376935    10.33960631917756
694.2270895325623    1.2457500742745462
696.6949790952577    9.381463015281563
703.0189460996646    1.3666030602415526
706.2580511507024    8.479824307563051
710.8853440807562    1.496573839973752
714.7414215224678    7.66335979115123
719.3827365523097    1.6534748848126815
722.2993333082225    6.9907603648349275
726.1982560548421    1.8592083777532165
727.8006704583973    6.378192775276658
730.3199743869825    5.733245956337704
732.2985410191434    2.099139870194392
732.68914836717    5.123004650544966
735.1015104147048    4.583691877204408
737.7236430750686    4.105461676708847
738.6690039962624    2.3449309070530413
740.0372895400956    3.6767943758847985
742.196692907454    3.302432933494261
742.196692907454    2.9536262698939653
742.9679083957964    2.644509394820703
