104.37433254112781    0.02098474442752049
120.31667644063089    0.02140398613197078
137.19312324454458    0.02237336345729864
152.90916386308223    0.0261438597528879
168.00888916324578    0.029308512919387845
182.56933855983212    0.03418080324201148
197.80388283589    0.03772598775750578
211.65653260903113    0.041764001267980876
225.71141084601382    0.04688617823547756
240.9459551220717    0.051611306779226304
254.10043519861725    0.05723086301092756
268.1119787647767    0.06422499883854069
284.33840550634284    0.06952821691911644
299.9388870026852    0.07261945187116425
314.38377727707643    0.07689080500416232
329.62313651655916    0.08217303604649655
345.46436618414145    0.08710997471974526
361.18522176610384    0.09205808735431661
376.64125435970243    0.09748439484665614
393.4936263464922    0.10631167299080192
397.7628939164789    314.8021002090489
409.3348560140745    0.11354743321437573
412.7802298424848    301.4575645977673
424.6143399487638    0.12050318198319461
426.4761258063521    262.2967272387787
439.33207815056016    0.12931416504066376
440.94241591818684    237.7588904892875
454.42431350761854    0.1401643080046112
456.5214975770857    217.06636437471212
470.0033951665175    0.15099906539489058
471.051987201251    197.70546263934395
485.8446248340998    0.16127632846905648
487.08046544646436    175.47506098601932
502.4947683570481    159.7291318623022
504.0451865798327    0.1757334766692807
517.5270841692644    145.95465997008006
519.886416247415    0.18722547097905054
531.750486126115    130.6831227265206
535.1659001821043    0.19854747393603767
546.9850304021729    118.16596282732814
550.3169850921324    0.21165454931736075
560.8376801753141    106.86554090022803
566.0619154912189    0.22983271747522932
574.8925584122967    94.88977849701142
581.9031451588012    0.24547553814015313
590.1271026883546    85.62953326186737
597.7443748263835    0.2637171932865886
603.9797524614958    77.20861135380285
611.9003672952869    0.2788631067615884
618.0346306984784    68.62492159247515
628.078644402605    0.30133886008896
633.2691749745362    61.80409548037984
644.0696729322921    0.32592781111243246
645.942158708602    55.22682069618734
659.7611037377696    0.3480787965637033
659.8285132257167    48.874673547854776
674.9282385258804    43.62904437647807
676.6134757245594    0.38023087587276927
690.8368776814099    37.63285309805976
692.4547053921417    0.41019229736825513
705.9366029815735    33.6998459991552
708.295935059724    0.4399403199863344
723.1934318960461    29.760057089193094
725.1483070465138    0.481379438759308
738.4279761721041    26.873701408698125
740.9895367140961    0.5171514663224709
751.7750547856415    23.986649656124953
756.8307663816785    0.5555817668672927
764.9873144232846    21.16686799474547
773.6831383684681    0.6084203531307419
780.0870397234482    18.935197283040488
789.5243680360505    0.6547234809388944
794.6474891200345    16.168319222956946
805.1034496949494    0.7132160864600036
809.8820333960925    14.493496979950638
819.7837381812196    0.7952794587566141
822.5550171301584    12.983503819769513
835.5126187022232    0.8756861687895653
836.441371647273    11.51507798482024
849.8933094642839    0.954980145954281
851.675915923331    10.384400849377313
864.7533565850797    1.0846075207865207
864.3488996573968    9.263823520169892
876.8870644155683    8.097795514012072
879.8530818852433    1.218331408044657
891.3126948362603    7.1469075957873365
894.6831692336183    1.4542420272710208
899.9074045495231    6.127689896422702
904.8694918567445    5.1568338771710565
907.4909719435785    1.6836542736246118
909.0076854223896    4.360505191278429
913.0522546992191    3.75844289100142
914.0633970184265    1.9147778584022523
918.276490015124    3.2392340636807986
919.6246797740671    2.1924413046119477
921.871662705639    2.5165739820920194
922.4558782678478    2.858726107515212
