341.58273381294964    328.49512256540885
350.2158273381295    298.68032248928773
374.3884892086331    263.92929841415497
408.0575539568345    233.2215057919876
450.35971223021585    165.58014724572263
480.5755395683452    134.30716239770175
567.7697841726618    53.87719272281871
609.2086330935251    33.4806120358286
669.6402877697841    20.028706043468386
698.9928057553957    16.71631305745141
720.5755395683453    13.30353149617142
750.7913669064748    10.192118462630168
787.0503597122301    6.769841680537756
796.546762589928    3.3163560958187883
795.68345323741    2.689998675195935
780.1438848920862    2.0028706043468394
773.2374100719423    1.67163130574514
749.9280575539567    1.3303531496171412
723.1654676258992    1.058749914896654
683.4532374100719    0.8267141516100122
653.2374100719423    0.6769841680537756
610.0719424460432    0.5704247321015484
484.0287769784172    0.3412383640705261
402.8776978417266    0.26645252167684025
342.4460431654676    0.19839040369853
293.2374100719424    0.15788726707083736
207.76978417266187    0.1009560224188245
145.61151079136692    0.0676984168053775
113.66906474820144    0.0676984168053775
185.32374100719423    0.1068871801442349
322.58992805755395    0.23101297000831628
390.79136690647476    0.33480612035828583
452.0863309352518    0.43701452093876053
514.2446043165468    0.5813836443593056
554.8201438848921    0.6899902838129199
621.2949640287769    0.9811502914399443
664.4604316546763    1.6558014724572263
682.5899280575538    2.6392929841415524
681.726618705036    2.9868032248928778
681.726618705036    3.3480612035828616
663.5971223021583    6.6422321378618845
636.8345323741007    9.9053030818847
610.0719424460432    13.30353149617142
560.0    21.408119109241294
504.7482014388488    33.163560958187865
477.1223021582733    66.42232137861888
401.15107913669067    133.03531496171414
268.2014388489209    224.5120572497945
212.94964028776977    266.45252167684026
195.68345323741008    298.68032248928773
198.27338129496405    328.49512256540885
