129.6973520659912    0.07020052581402009
139.26042412143585    0.0731387285640835
149.40619232362798    0.07662611161269904
158.7889415305907    0.08160822053586192
168.10716515347374    0.08683281505285823
177.4034568156993    0.09238184394764148
186.67915929036872    0.09811795156085913
196.12890988630187    0.10394200286631816
205.578660482235    0.11008471611347542
215.20972541338656    0.11662121446110243
224.92885519117812    0.12355819524995122
234.6249997230426    0.13086824339171463
241.3693547779577    300.4833412075684
244.26912501412477    0.13807354786910242
250.84673622358656    286.3141364113939
253.90623375645032    0.1455351111139906
260.495498888847    273.0475566120512
263.5433424987758    0.15338439275172244
270.05857094429166    261.3995657719757
273.1804512411013    0.1615590184368077
279.6216429997363    250.59177942666125
282.8175599834268    0.16976836802779657
289.18471505518096    240.25719893757233
292.45466872575224    0.17816629487913735
298.7477871106256    231.15867682808698
302.07817889293653    0.18710337106563688
308.2915787788617    225.18372137742014
311.6548495235224    0.19600867560418164
317.8546508343063    218.3763325168329
321.21792157896704    0.20520089728666185
327.4089590773835    212.38540088753462
330.8550303212925    0.2150560036724758
336.97203113282814    206.04339221165128
340.4181023767371    0.22550264043133908
346.5537993213235    199.78293919240227
350.0472267704776    0.23771979707086383
356.13585963689775    192.25790081009563
359.59668914083386    0.2506797371674443
365.7173356983143    184.47313209567488
369.3064433577868    0.2641792908753042
375.27164394139135    176.7146064367315
379.0405740329201    0.2774699095310957
384.82478367615283    169.7707351732982
388.6036460883648    0.2903832460858302
394.35046346549603    161.23455304490545
398.1667181438095    0.30367670728122875
403.8181852423819    152.64451438526413
407.6125654450262    0.3170010565669298
413.24757994651395    144.18292108466085
417.2548761114299    0.32891147109764646
422.7249613921428    135.96873750738428
426.8559343101434    0.3414349437105819
432.0946174997174    128.05797671697692
436.4190063655881    0.35430099084998923
442.310592448639    114.89911318932313
446.01531938248945    0.3677651248921377
452.23847942460736    106.23991171745962
455.5783914379341    0.3815624830931082
461.4154958755509    97.38273012490963
465.16966269916    0.3961967635155981
470.51675675166666    85.66079350137478
474.7327347546046    0.41102259299552224
480.6946589325398    78.7361682046179
484.2058316697427    0.426013763009832
489.74894299220307    70.67520646067234
493.7753305209235    0.4418810905493935
498.45700403028354    62.08308843860867
503.4619088248636    0.45959915701922277
505.6291633785297    54.8275547319365
511.6032618931032    49.205326738062
512.8307798787148    0.4750258326895707
517.4644996045048    44.356504938634444
522.5075782760997    0.49398166263078425
523.3257373159064    39.98728756835425
529.1869750273079    36.048448120211276
532.0773565531821    0.5125394328537128
535.0053674338016    32.82822859442945
541.1090591647409    0.5268873672903645
544.6112847941541    30.718459569144528
550.6721312201855    0.5466301686879596
554.1743568495988    28.48428345938469
560.1686670374202    0.5665662149822576
563.7374289050434    26.45753926296529
569.7317390928648    0.5877590681758951
573.3005009604881    24.628968606461456
579.2282749100996    0.6090886534380232
582.8635730159327    22.776402259505154
588.7913469655442    0.6326922485308973
592.4266450713774    20.72518472790421
598.3402672310438    0.6660831325073482
601.989717126822    19.064577823904376
608.6688019607446    0.7211790412551918
611.5527891822667    17.682844840100106
618.201651222188    0.7638289246994288
621.1158612377113    16.32050798982368
627.6804474744811    0.8108825670569954
630.678933293156    14.870259024816766
636.9367961128477    0.8663773207051656
640.2420053486006    13.514745609776615
645.8281067236205    0.9520435995526088
649.4965912087083    12.182176046676853
655.6663151154468    1.0601257272849571
658.4426908734791    10.97576797397118
665.6104583533664    1.1626178665449074
667.1488568307659    9.80320246796648
672.4200534860066    8.955250618420122
674.6382161286676    1.3055421905271765
680.0367245470637    8.159433965576175
683.7855024425713    1.4240589390594138
688.0573656258236    7.344417611993903
692.4633532418316    1.5802428491311686
695.7134321100946    6.654215062900127
699.0628190810872    1.779449973331682
700.4629176240159    5.857451400312451
702.9308071867113    5.249791543612939
704.7156201740178    1.9952419128280494
705.8467362235864    4.709436881549403
708.6231119816188    4.228739605956015
710.2683716900824    2.217899116773423
711.2531545444272    3.804627431968281
714.4614988637359    3.412572524333574
715.3036624913885    2.469282094086906
715.0719424460431    2.9648830131926696
717.5533918415006    2.6786323835283476
